Lemma#PoS	AFRAID	AMUSED	ANGRY	ANNOYED	DONT_CARE	HAPPY	INSPIRED	SAD
0#n	0.087696832	0.092489284	0.154123673	0.077187786	0.136462352	0.287110508	0.084151587	0.080777978
1#n	0.129417618	0.108453686	0.114673931	0.114567889	0.136146642	0.161293504	0.114729221	0.120717508
10#n	0.13055789	0.109739453	0.115716327	0.109559403	0.151769147	0.140957108	0.111358933	0.130341739
100#n	0.156990048	0.126364695	0.102937362	0.087751332	0.121394833	0.109794927	0.118774226	0.175992576
1000#n	0.133132657	0.186631367	0.09667537	0.060371283	0.051485705	0.151349978	0.120990281	0.199363358
10000#n	0.079638804	0.114054835	0.016001484	0.005295591	0.643330287	0.050498329	0.01604835	0.075132321
1000th#a	0	0.291219763	0	0	0	0.437545392	0.271234845	0
100th#a	0.308124003	0.115666104	0.10062127	0.102880967	0.037436051	0.118386261	0.150157491	0.066727853
101st#a	0	0	0	0	0	1	0	0
10th#a	0.092306355	0.066442505	0.122700603	0.086612981	0.109534131	0.181412574	0.101311588	0.239679263
11#n	0.180346727	0.094038912	0.114482436	0.101374958	0.117257535	0.132364422	0.09696981	0.1631652
110th#a	0	0	0	0	0.857859405	0.10243729	0	0.039703305
115th#a	0.095783812	0.043245565	0.08032044	0.033226932	0.082486044	0.549403045	0.040277844	0.075256317
11th#a	0.10241757	0.123677503	0.090566924	0.130364607	0.167511589	0.161855689	0.116178727	0.10742739
12#n	0.130229465	0.106831541	0.124114467	0.142246964	0.122798725	0.140741416	0.102764114	0.130273309
120#n	0.137942609	0.059508871	0.133293572	0.156162791	0.100507354	0.125719192	0.099549368	0.187316243
120th#a	0	0.564393203	0	0	0	0.172775901	0.262830897	0
12th#a	0.081283819	0.105453581	0.105266237	0.220673723	0.119434452	0.145780565	0.103076481	0.119031142
13#n	0.113829701	0.113066922	0.147605628	0.139965629	0.127600582	0.135690436	0.088117688	0.134123414
13th#a	0.084567742	0.103623781	0.054698468	0.142401232	0.169072318	0.211763638	0.122687019	0.111185802
14#n	0.109144317	0.113041613	0.123923682	0.120082327	0.145045644	0.142700073	0.104222907	0.141839437
144#n	0.210856042	0.034222649	0.045844903	0.212811291	0.068369601	0.093622748	0.13356614	0.200706627
14th#a	0.070650222	0.062961464	0.139161185	0.138514956	0.13780026	0.189092368	0.119890427	0.141929118
15#n	0.141573941	0.110871872	0.133966166	0.114719874	0.119731603	0.141042039	0.089398783	0.148695722
150th#a	0	0	0.684236336	0	0	0	0	0.315763664
15th#a	0.061601161	0.116090326	0.155956994	0.137201042	0.164420291	0.147052955	0.149305015	0.068372216
16#n	0.119421165	0.111185604	0.127523689	0.117573387	0.170525535	0.135229177	0.090803025	0.127738417
16th#a	0.093072688	0.148313862	0.097486736	0.166862827	0.132452788	0.16082649	0.11561481	0.085369799
17#n	0.135893573	0.113842406	0.144138214	0.106562512	0.105474803	0.156020591	0.098516902	0.139550999
1728#n	0.094016299	0	0.091977987	0	0.188915804	0.225235108	0.276742133	0.123112668
17th#a	0.058125831	0.080565292	0.056474274	0.132178877	0.164659284	0.165870261	0.116534712	0.22559147
18#n	0.108709692	0.105140703	0.122537618	0.106977471	0.131009342	0.155052945	0.129753691	0.140818538
1820s#n	0	0	0	0	0	1	0	0
1840s#n	0	0	0	0	0.507669624	0.244435863	0.247894514	0
1850s#n	0.125	0.125	0.125	0.125	0.125	0.125	0.125	0.125
1860s#n	0	1	0	0	0	0	0	0
1870s#n	0.166140383	0.023336698	0.198052462	0.12939163	0.236889214	0.065579517	0	0.180610096
1880s#n	0	0.207280294	0.009759589	0.056522811	0.020045456	0.14138553	0.56500632	0
1890s#n	0	0	0	0	0.413236886	0.195066483	0.391696631	0
18th#a	0.118480438	0.104901241	0.055584105	0.123047178	0.112817199	0.222642668	0.113570822	0.148956348
19#n	0.121233712	0.106536925	0.10986605	0.106963421	0.137744873	0.157313431	0.105013363	0.155328225
1900s#n	0.02450349	0.142141103	0.109587401	0.026945443	0.01629469	0.249578394	0.26553518	0.165414299
1920s#n	0.020026884	0.311378593	0.043937361	0.106931944	0.191810111	0.090313503	0.209971004	0.0256306
1930s#n	0.104877875	0.102413893	0.223193425	0.117182816	0.04702247	0.119183983	0.15434249	0.131783048
1940s#n	0.046906538	0.124728408	0.155574002	0.059405114	0.266788009	0.097691332	0.1666507	0.082255896
1950s#n	0.088249752	0.205575263	0.031143334	0.04410448	0.139640334	0.079401324	0.238462488	0.173423026
1960s#n	0.055093795	0.166709104	0.118403698	0.103060205	0.115648365	0.090051522	0.175610446	0.175422866
1970s#n	0.121087621	0.136132175	0.10535362	0.107268131	0.097129967	0.104559383	0.155712989	0.172756114
1980s#n	0.037280897	0.169600943	0.165251142	0.110576949	0.12489144	0.101517652	0.157796528	0.133084449
1990s#n	0.135915592	0.114958674	0.128649619	0.082926229	0.118954777	0.115730172	0.106112079	0.196752857
19th#a	0.028736431	0.183755772	0.038269774	0.088401913	0.202956881	0.205718816	0.140859845	0.111300567
1st#a	0.094222466	0.115535399	0.099744002	0.161435755	0.148492768	0.163841021	0.122888891	0.093839699
2#n	0.135710457	0.102599951	0.127608748	0.112962554	0.137544692	0.153961569	0.102633033	0.126978996
20#n	0.117394994	0.115093407	0.145696672	0.098624857	0.129296346	0.14331468	0.102161487	0.148417558
200th#a	0	0	0	0	0.842809176	0.038885052	0.118305772	0
20th#a	0.117494761	0.156936185	0.051271369	0.062936689	0.165157244	0.150629652	0.158301398	0.137272702
21#n	0.120192463	0.115090056	0.100018077	0.115032774	0.130254272	0.151904137	0.109250377	0.158257844
21st#a	0	0	0	0.104934934	0.651253891	0.051157806	0.133236083	0.059417287
22#n	0.107911507	0.115618914	0.147016203	0.129428879	0.135227812	0.150255885	0.10744729	0.10709351
22nd#a	0.02955597	0.188925708	0.031920367	0.162267424	0.080868102	0.237439623	0.085689734	0.183333073
23#n	0.103156682	0.119436315	0.134000444	0.109195534	0.138333419	0.159730024	0.108742658	0.127404924
23rd#a	0.115599197	0.154434125	0.052179157	0.074832474	0.117128649	0.199630258	0.154314625	0.131881515
24#n	0.140880401	0.111570549	0.143086622	0.111652054	0.115259277	0.144647506	0.106861151	0.12604244
24th#a	0.189103771	0.096768008	0.062355304	0.10643937	0.118902721	0.148501237	0.144966551	0.132963038
25#n	0.137990202	0.116379086	0.113151773	0.117732362	0.126759152	0.154299476	0.099096651	0.134591297
25th#a	0.035745298	0.168447061	0.076386642	0.076653658	0.22546535	0.179985739	0.176143334	0.061172918
26#n	0.150060391	0.106524931	0.128910068	0.096744079	0.121770573	0.129235874	0.109263944	0.15749014
26th#a	0.15449383	0.064513964	0.084816951	0.026433985	0.120034881	0.135560032	0.329696216	0.084450141
27#n	0.152700197	0.107383594	0.130462279	0.121423261	0.110763622	0.134580182	0.097042104	0.145644762
27th#a	0.043432466	0.103825074	0.162671017	0.101457746	0.117836321	0.175330169	0.150604185	0.144843022
28#n	0.105732864	0.104187029	0.125867776	0.169042957	0.142491452	0.12964401	0.104062075	0.118971836
28th#a	0.030905611	0.192939208	0.151631934	0.047142173	0.06569605	0.198482695	0.161574933	0.151627395
29#n	0.121396764	0.122396975	0.104281496	0.150560178	0.152971977	0.14119647	0.077887709	0.129308432
29th#a	0.006544464	0.178167295	0.077380029	0.059753987	0.184778998	0.21076917	0.155074563	0.127531495
2d#a	0.069206251	0.199138504	0.036443974	0.137705276	0.067237487	0.24146614	0.189415977	0.059386391
2nd#a	0.136272314	0.101953629	0.112205782	0.166372019	0.126808402	0.161028639	0.097758523	0.097600692
3#n	0.130346767	0.111901724	0.126250016	0.130942947	0.126259594	0.143809346	0.111095275	0.11939433
3-d#n	0	0.451805671	0.104021986	0.003786685	0.147620662	0.19355603	0.090812085	0.008396881
3-dimensional#a	0	0.018700547	0	0	0.707251561	0.208520134	0.045160403	0.020367354
30#n	0.153550309	0.118843005	0.116984874	0.141163376	0.104264709	0.113455444	0.097696651	0.154041631
30th#a	0.162461891	0.131778236	0.05174866	0.070630889	0.081824471	0.169241254	0.128738307	0.203576292
31st#a	0.099822147	0	0.00514425	0.074720466	0.597702799	0.028116982	0.040256223	0.154237133
32nd#a	0	0	0	0	0	0	0	1
34th#a	0	0.616701424	0	0	0	0.383298576	0	0
35th#a	0	0	0	0	0	1	0	0
38th#a	0	0	0	0	0	1	0	0
3d#n	0.072287429	0.315137428	0.028624813	0.060185994	0.126254474	0.243305411	0.120664716	0.033539734
3rd#a	0.107492355	0.120975825	0.135656407	0.136196287	0.117281414	0.168903416	0.123435258	0.090059039
4#n	0.122082399	0.100687656	0.151898445	0.117241316	0.128564724	0.140892003	0.108138011	0.130495446
40#n	0.12019258	0.125995693	0.152339328	0.162085281	0.098521516	0.089621879	0.108132046	0.143111676
400th#a	0	0	0	0	0	0.345439008	0	0.654560992
40th#a	0.033665001	0.115989978	0.135062749	0.151947781	0.173597275	0.113507793	0.164818204	0.11141122
44th#a	0.044740821	0.054120904	0.520969566	0.183625959	0	0.036693277	0.159849473	0
45th#a	0	0.114108677	0.078524716	0.01110222	0.564608307	0.152873027	0.010624529	0.068158524
46th#a	0	0.102777682	0.40692418	0.33164755	0	0.062926012	0.095724577	0
49th#a	0	0	0	0	0	0	0	1
4th#a	0.108727732	0.118931221	0.082100074	0.137940997	0.148414721	0.177135116	0.113324795	0.113425344
5#n	0.134639155	0.119604463	0.128322159	0.117947137	0.13748525	0.139329344	0.101169823	0.121502667
50#n	0.170714538	0.149106513	0.090372958	0.096010651	0.106317481	0.123733645	0.104009129	0.159735086
500#n	0.16784079	0.118612245	0.096664693	0.087147078	0.086815532	0.131801581	0.145091471	0.166026609
50th#a	0.041591743	0.200013985	0.054887971	0.066877593	0.153418834	0.214717416	0.178562802	0.089929656
55th#a	0	0	0	0	0	0.546477794	0.234473544	0.219048661
5th#a	0.110935002	0.118864277	0.099683058	0.163487702	0.127296795	0.168754236	0.093303246	0.117675685
6#n	0.135925868	0.11419209	0.125056577	0.120143504	0.122107532	0.143462471	0.106530228	0.132581729
60#n	0.160540592	0.112974236	0.113230751	0.097178996	0.086161956	0.117188907	0.101981564	0.210742998
60th#a	0.029581911	0.176330456	0.163259741	0.038658309	0.088148383	0.158913069	0.187987901	0.15712023
64th#a	0.115496867	0	0.408647554	0.009265099	0.041401188	0.245433244	0.048567338	0.13118871
65th#a	0	0	0	0	0	0.260260743	0	0.739739257
6th#a	0.154233656	0.083746879	0.142740343	0.100348918	0.114000308	0.142262668	0.097480127	0.165187101
7#n	0.145936563	0.111361541	0.125159692	0.119458032	0.11780792	0.139481489	0.104504096	0.136290667
70#n	0.181788067	0.112309333	0.119006154	0.110270977	0.10782389	0.102070042	0.109853213	0.156878323
70th#a	0.017455131	0.190873062	0.056008101	0.094424864	0.179873382	0.301871123	0.094306032	0.065188306
75th#a	0.238544387	0.307080441	0.002943658	0.19974044	0.009069074	0.07885433	0.02340894	0.140358729
78#n	0.255947701	0.071288593	0.114799663	0.06108799	0.10198174	0.124294968	0.09331021	0.177289134
7th#a	0.083391467	0.104105317	0.078947905	0.249716956	0.117583315	0.166228002	0.109177922	0.090849116
8#n	0.130459194	0.111203486	0.126090641	0.118411808	0.124783757	0.160318497	0.094313653	0.134418965
80#n	0.155728953	0.107017348	0.090674806	0.103442776	0.108346077	0.127190142	0.103787378	0.203812519
80th#a	0.098902072	0.026296253	0.148027954	0.037708381	0.083387648	0.12049124	0.170962921	0.31422353
85th#a	0	0.00706554	0.188482197	0.708203092	0.013476721	0.021269021	0.006580668	0.05492276
8th#a	0.047826905	0.106533666	0.054582428	0.111276749	0.161277865	0.188370504	0.190240002	0.13989188
9#n	0.130345351	0.099246729	0.123544938	0.12464106	0.12383098	0.144010856	0.115384346	0.138995741
9-11#n	0.014686323	0.016395447	0.583808092	0.097322017	0.015576803	0.216967483	0.045411204	0.009832629
90#n	0.196961622	0.141978672	0.087432328	0.099892638	0.110394176	0.109120805	0.096468394	0.157751366
90th#a	0	0.142160002	0	0	0.208630797	0.445496419	0.203712781	0
95th#a	0	0.100619229	0.093440573	0	0.191919845	0.323423576	0.203047536	0.087549239
9th#a	0.06594418	0.107869052	0.109001606	0.180407618	0.088864121	0.211523253	0.11298643	0.12340374
a#n	0.152004648	0.126628062	0.135177355	0.107363021	0.116095015	0.110417394	0.115429563	0.136884942
a-bomb#n	0.294046007	0.269541478	0	0	0	0	0.436412515	0
a-line#n	0	0	0.480277288	0	0	0.519722712	0	0
a-list#n	0.160929221	0	0	0	0.138587246	0.362123543	0.338359991	0
a-team#n	0	0	0	0.014590696	0.597654499	0.095920776	0.291834029	0
a.k.a.#r	0.03594132	0.065535104	0.386606725	0.036682525	0.249196781	0.088813054	0.052434668	0.084789823
a.m.#r	0.387063757	0.052349979	0.069187775	0.077698022	0.087849644	0.077752539	0.054914331	0.193183952
aa#n	0.226427365	0.028248301	0.179283339	0.141164558	0.132820232	0.124706979	0.108207175	0.059142051
aaa#n	0.080856143	0.028764021	0.143627414	0.071758647	0.033440291	0.303371295	0.286130135	0.052052054
aar#n	0	0	0	0.506935003	0	0.493064997	0	0
aarhus#n	0	0.211573129	0	0	0.071215043	0.102867158	0.61434467	0
aaron#n	0.062781375	0.173791442	0.055205355	0.064145558	0.105761927	0.100794521	0.144699694	0.292820128
aas#n	0	0	0	0	0.224231458	0.042839718	0.131214912	0.601713912
ab#n	0.038864191	0.186894691	0.065074067	0.069712763	0.185384178	0.160621653	0.286791975	0.006656484
aba#n	0.01413625	0.05787053	0.117165877	0.118785837	0.049319915	0.095520147	0.3578429	0.189358543
abaca#n	0	0.019031849	0.00043907	0.089692336	0.003355463	0.036763554	0.172605412	0.678112316
aback#r	0.017069349	0.185723763	0.15005683	0.251894211	0.148752651	0.086028325	0.150880422	0.00959445
abandon#n	0.169199369	0.201236745	0.093275061	0.06257098	0.121929164	0.104990028	0.119030502	0.127768152
abandon#v	0.10768537	0.138195859	0.112175906	0.145575638	0.134590706	0.097706754	0.117206787	0.146862981
abandoned#a	0.211829723	0.142736301	0.160869224	0.07050311	0.039792623	0.074328211	0.124798788	0.175142021
abandonment#n	0.106892183	0.100803369	0.088029474	0.235214056	0.024821852	0.122100933	0.259964263	0.06217387
abase#v	0.017475926	0.339279888	0.014654607	0.387988012	0.195646423	0.009661644	0.014697528	0.020595973
abate#v	0.277263917	0.152925036	0.034176108	0.051560765	0.069324569	0.27144838	0.042735674	0.100565551
abatement#n	0	0	0	0	0	0	0	1
abattoir#n	0	0.134748303	0.612328485	0.025463837	0	0.001804178	0.108410098	0.117245099
abaya#n	0.074703417	0.11101334	0.127968658	0.196613515	0.070202566	0.198417873	0.115045859	0.106034772
abb#n	0	0	0	0	0	0.358830015	0.641169985	0
abbess#n	0.001892852	0.149548849	0.019047229	0.011162556	0.001630065	0.188036755	0.628681694	0
abbey#n	0.010754001	0.47800455	0.004405915	0.031680063	0.174605636	0.153353665	0.133208984	0.013987185
abbot#n	0	0.666764799	0	0	0	0	0.333235201	0
abbreviate#v	0.029425805	0.259607811	0.249889008	0.235031206	0.035969581	0.166006284	0.000762607	0.023307697
abbreviated#a	0	0	0.119966092	0	0.536625527	0.106808393	0.16125316	0.075346828
abbreviation#n	0	0.260369719	0.007376315	0.397801508	0.271556665	0.003063827	0.059831965	0
abc#n	0.129067286	0.160227556	0.079904948	0.115549424	0.173356769	0.097492145	0.07691127	0.167490602
abcs#n	0	0	0	0	0	0.330218378	0.669781622	0
abdicate#v	0.022082281	0.121002458	0.031026467	0.166510509	0.110785361	0.05143835	0.161762366	0.335392209
abdication#n	0.06876325	0.149252755	0.001798455	0.208081975	0.283484368	0.065387299	0.155153484	0.068078414
abdomen#n	0	0.091900182	0.071596465	0	0.299798817	0.243462655	0.032308266	0.260933616
abdominal#a	0.225736897	0.013473352	0.03405719	0.003495665	0	0.039883533	0.275690801	0.407662563
abduct#v	0.158163126	0.03572259	0.316131579	0.069075686	0.06412257	0.074498457	0.055492847	0.226793145
abducting#a	0.049777588	0	0.608905865	0	0	0.178711712	0.131467683	0.031137153
abduction#n	0.150271726	0.02020466	0.274740627	0.099967806	0.11332573	0.078440966	0.074879391	0.188169095
abductor#n	0.224082381	0.02509391	0.226617092	0.055752745	0.061305633	0.030501662	0.063634592	0.313011984
abed#r	0	0.34656621	0.65343379	0	0	0	0	0
abel#n	0	0.059437504	0.063294258	0.421248148	0.046535642	0.229465442	0.180019006	0
abelard#n	0	0	0	0	0	0	1	0
aberdeen#n	0	0	0	0	0	0.327085402	0.121203012	0.551711586
aberrant#a	0	0.223310731	0	0.273508278	0.086694049	0.083947427	0.165542585	0.16699693
aberration#n	0.005470451	0.032727287	0.128370649	0.094272657	0.373003296	0.135640426	0.155176706	0.075338527
abet#v	0.074455048	0.142393429	0.183365458	0.170965608	0.075810132	0.142152405	0.088796821	0.122061098
abeyance#n	0.02531193	0.002540183	0.398580345	0.244528185	0.061856455	0.180463305	0.034555712	0.052163886
abhor#v	0.060346284	0.184289103	0.150534971	0.154950405	0.027498828	0.196275784	0.123781132	0.102323492
abhorrent#a	0	0.394218685	0	0.605781315	0	0	0	0
abide#v	0.110536561	0.153054987	0.180202669	0.209187378	0.101550573	0.084087288	0.097107516	0.064273027
abiding#a	0.104889819	0.010201778	0.021483158	0.24350018	0.12240601	0.171191485	0.229217174	0.097110395
abidjan#n	0.31679325	0.002658278	0.110886543	0.058928259	0.04909031	0.01469718	0	0.446946179
abila#n	0	0.067541889	0.018816938	0.083031304	0.038648563	0.505564082	0.286397224	0
ability#n	0.12820828	0.177104573	0.079337322	0.117136976	0.105390315	0.126992905	0.169005032	0.096824596
abject#a	0.060715354	0.055789822	0.080626474	0.076853728	0.167509528	0.199859639	0.317702929	0.040942527
abjectly#r	0	0.149934289	0	0.544578255	0	0.242012425	0.063475031	0
ablaze#a	0.377870981	0.0107078	0.151472213	0.014272487	0.024254018	0.047122341	0.037168294	0.337131866
able#a	0.112177247	0.111879161	0.112368601	0.117428274	0.118864588	0.134930867	0.173032304	0.119318959
able-bodied#a	0.047857458	0.051646676	0.110189108	0.0833251	0.099503068	0.059663634	0.156054753	0.391760202
ably#r	0.020931845	0.304851013	0.125573234	0.046907792	0.14394096	0.257135161	0.090851308	0.009808687
abnormal#a	0.391036875	0.123227739	0.036960409	0.095708105	0.159018499	0.051864247	0.100591161	0.041592965
abnormality#n	0.280770104	0.111302184	0.138369698	0.030566268	0.050913042	0.044708774	0.174146535	0.169223395
abnormally#r	0.035639824	0.486125965	0.08107961	0.191432469	0.104265645	0.058284656	0.011314441	0.03185739
abo#n	0	0	0	0.885290273	0	0.010489157	0	0.10422057
aboard#r	0.180916801	0.058991373	0.167777905	0.09196315	0.130292788	0.238158008	0	0.131899975
abode#n	0	0.047255299	0.044795159	0.015698363	0.001351715	0.09281822	0.278246166	0.519835078
abolish#v	0.103539733	0.136813273	0.18121941	0.153053503	0.078793869	0.162586245	0.104835503	0.079158464
abolition#n	0.062922163	0.073847481	0.143826302	0.349347675	0.118828717	0.072789154	0.039371819	0.13906669
abolitionist#n	0	0.19238361	0.037706132	0.208544598	0	0.106330703	0.131463212	0.323571744
abominable#a	0.110899654	0.008264869	0.22768693	0.015875399	0.033426168	0.130749724	0.350455166	0.12264209
abomination#n	0	0	0	1	0	0	0	0
aboriginal#a	0.00107368	0.083199691	0.066303316	0.011733543	0.663472185	0.013194621	0.063599138	0.097423824
abort#v	0.058022833	0.103941371	0.214777763	0.189421139	0.090760881	0.064928418	0.133630169	0.144517426
abortifacient#a	0.012522127	0.133531835	0.242810483	0.119465545	0.02081816	0.164644351	0.297718113	0.008489386
abortifacient#n	0.029321236	0.108723296	0.381363328	0.177944688	0.056171618	0.116521264	0.10012571	0.029828859
abortion#n	0.175842806	0.096003011	0.190228981	0.140551248	0.045586504	0.098149133	0.141075524	0.112562792
abortionist#n	0	0.75940891	0	0	0	0.127204123	0.077286071	0.036100896
abortive#a	0.003075332	0.002082729	0.858235981	0.011815002	0	0.010031244	0.107933791	0.006825921
abound#v	0.038830566	0.149817456	0.077891137	0.114273043	0.134623348	0.152940947	0.175954344	0.15566916
abounding#a	0	0.394218685	0	0.605781315	0	0	0	0
about#a	0	0.276781112	0	0.168871828	0.43419758	0.12014948	0	0
about#r	0.172247908	0.112193132	0.119603658	0.104233682	0.109863538	0.105885397	0.125620973	0.150351714
about-face#n	0.085765472	0.23585444	0.107149904	0.148154711	0.110038885	0.011853957	0	0.301182632
above#a	0.140810129	0.166559792	0.183112328	0.113731941	0.089933311	0.117735467	0.117036415	0.071080616
above#r	0.150098635	0.150294461	0.082400253	0.092463419	0.081045885	0.141006214	0.165976312	0.136714821
above-mentioned#a	0.13140875	0.13577956	0.089065396	0.182220733	0.346267262	0.08966533	0.023560783	0.002032187
above-named#a	0	0	0	0	0.562693387	0.180619359	0	0.256687254
aboveboard#a	0.164301955	0.024200987	0.216298943	0.182157662	0.016334104	0.213461203	0.181171073	0.002074073
abracadabra#n	0	0.149934289	0	0.544578255	0	0.242012425	0.063475031	0
abraham#n	0.070648322	0.174758553	0.144128885	0.174910084	0.167206713	0.106734822	0.070597278	0.091015343
abrasion#n	0.402613468	0.009966153	0.4653442	0	0.022811178	0.017060064	0	0.082204937
abrasive#a	0.042180865	0.066655039	0.021577926	0.012826472	0.245475109	0.08160648	0.036292241	0.493385867
abreast#a	0.002257263	0.141783494	0.270268785	0.174461414	0.031523685	0.231570248	0.142814588	0.005320523
abreast#r	0	0	0	0	0	0.400237029	0.599762971	0
abridge#v	0.004967049	0.149497467	0.151686004	0.464915967	0.01413632	0.053721652	0.062769798	0.098305743
abridged#a	0	0.618499128	0.154098394	0.083019832	0	0	0	0.144382646
abridgment#n	0.022093169	0.009974875	0.759584043	0.122624183	0.038051902	0.003053577	0.018580701	0.02603755
abroad#a	0.378058352	0.017211397	0.332649701	0.023601067	0.022854645	0.120404626	0.047784355	0.057435857
abroad#r	0.136756816	0.103635595	0.107725848	0.114210771	0.106876958	0.157061506	0.1504305	0.123302007
abrogate#v	0.577814329	0.025727316	0.136046571	0.109388001	0.047131433	0.014125901	0.023174968	0.066591481
abrogation#n	0	0.011480211	0.702891854	0.127728196	0.021897209	0.0035144	0.13248813	0
abrupt#a	0.118126917	0.145128992	0.068272704	0.162186797	0.134483853	0.110861926	0.115424891	0.145513921
abruptly#r	0.008979565	0.102897359	0.169567521	0.126330434	0.195643881	0.088305411	0.080326654	0.227949175
abs#n	0.191794191	0.090630837	0.053022186	0.117611811	0.354674062	0.037086976	0.033691234	0.121488702
abscess#n	0.1321717	0.626581013	0	0.183398845	0	0.057848443	0	0
abscond#v	0	0.667394229	0.063068405	0	0	0.022089591	0	0.247447775
absconder#n	0	0	0.189619095	0	0	0.066413733	0	0.743967172
abseil#v	0	0	0	0	0	1	0	0
absence#n	0.067167151	0.101183704	0.152869933	0.157991102	0.173099562	0.132162206	0.087416016	0.128110326
absent#a	0.159883705	0.143902603	0.12893015	0.128146433	0.164088254	0.094572172	0.089493653	0.09098303
absent#v	0.235131851	0.059778246	0.33396363	0.05559477	0.039770497	0.105934158	0.14490816	0.024918688
absentee#n	0.044112885	0.154776992	0.18355439	0.150694546	0.138831962	0.143812128	0.081089786	0.103127312
absenteeism#n	0.279770757	0.280934528	0.23448534	0.064943933	0.013102978	0.048223154	0.069320101	0.009219208
absinthe#n	0	0.053180594	0	0.040860329	0	0.732600289	0.173358788	0
absolute#a	0.127603942	0.091940567	0.197369485	0.17279023	0.096594884	0.107809162	0.114098152	0.091793578
absolutely#r	0.148410274	0.157468598	0.108120584	0.104342084	0.137762034	0.11400118	0.110206283	0.119688963
absoluteness#n	0	0	0	0	0	1	0	0
absolution#n	0.022512246	0.050820424	0.736236583	0.078093872	0.058160541	0.009334497	0.009466576	0.035375262
absolutism#n	0	0	0	0	0.435836416	0.036373857	0.527789727	0
absolutist#a	0.021433332	0.101608126	0	0.029740469	0	0.788576156	0.042445525	0.016196393
absolve#v	0.138386238	0.127958335	0.162259828	0.110520309	0.119200124	0.053714795	0.176451216	0.111509155
absorb#v	0.117408212	0.062033745	0.121456493	0.119798042	0.057264942	0.167693291	0.249869911	0.104475363
absorbed#a	0	0	0	0	0	1	0	0
absorbency#n	0	0	0	0	0	1	0	0
absorbent#a	0	0.442295058	0.074956468	0	0	0.121210916	0.291307019	0.070230538
absorber#n	0.015560532	0.106165515	0.010893704	0.151123287	0.133223055	0.434268093	0.142652942	0.006112872
absorbing#a	0.049339544	0.155805057	0.158946524	0.157087096	0.05160264	0.165871341	0.22004713	0.041300666
absorption#n	0	0.116124831	0.15122877	0.031173322	0.042818345	0.364882588	0.06902706	0.224745083
absorptive#a	0.434416139	0.006763281	0.018842268	0.010392884	0	0.450597196	0.037794908	0.041193324
abstain#v	0.247671519	0.097555487	0.155885421	0.097586183	0.071884188	0.129822207	0.130976352	0.068618642
abstention#n	0.119014684	0.129234601	0.074510481	0.19925748	0.124602445	0.17975674	0.111153321	0.062470248
abstinence#n	0.022247087	0.169610869	0.107824885	0.180668046	0.14180054	0.099870446	0.220411901	0.057566227
abstract#a	0.007532846	0.191077174	0.012890992	0.142261012	0.035253526	0.188957078	0.330910831	0.091116542
abstract#n	0	0.142062847	0.029718216	0.200904288	0.179316606	0.150826671	0.163932919	0.133238453
abstract#v	0.007047033	0.233472028	0.112252229	0.278450444	0.007479867	0.15780078	0.108787126	0.094710494
abstraction#n	0.224296115	0.252855072	0.065823483	0.056218661	0.136627809	0.098359252	0.164630245	0.001189363
abstruse#a	0	0	0.112526923	0.031033399	0.308162345	0.513133261	0	0.035144071
absurd#a	0.016067471	0.15796864	0.201682489	0.198034145	0.167268778	0.082045679	0.110002529	0.066930268
absurdity#n	0.065160881	0.192693444	0.072925496	0.028429961	0.038299525	0.206850007	0.244908534	0.150732153
absurdly#r	0	0	0.330582451	0	0	0.669417549	0	0
abuja#n	0	0.003884558	0.430821518	0.034847062	0.122996114	0.124570636	0.017185408	0.265694703
abundance#n	0.035001127	0.207765791	0.051365091	0.023197542	0.076785699	0.129542498	0.257587641	0.21875461
abundant#a	0.049050801	0.115327904	0.088334323	0.204643833	0.086659347	0.136708769	0.149131886	0.170143138
abundantly#r	0.469646388	0.019179622	0.009467825	0.027704081	0.091035373	0.087244476	0.278207301	0.017514936
abuse#n	0.07621935	0.072992456	0.284559481	0.136159228	0.094848689	0.102109244	0.103612607	0.129498945
abuse#v	0.118277772	0.095928726	0.254600016	0.120745224	0.096289555	0.084154639	0.113219018	0.116785049
abused#a	0.04354206	0.064286068	0.268940235	0.100724038	0.054248909	0.112380409	0.17740075	0.178477532
abuser#n	0.011908116	0.077473213	0.324229296	0.32034534	0.044404379	0.045414524	0.064704732	0.111520399
abusive#a	0.063528168	0.132295789	0.276445392	0.099860551	0.053171007	0.096079191	0.182293994	0.096325907
abusively#r	0	0	0.502781416	0	0	0.497218584	0	0
abut#v	0.011235176	0.116102003	0.183253705	0.023384563	0.029026153	0.304574434	0.064957213	0.267466753
abuzz#a	0.071699954	0.187188918	0.129853668	0.202752112	0.163799439	0.086861287	0.074027256	0.083817367
aby#v	0	0	0	0	0	0.584598698	0	0.415401302
abysmal#a	0	0.564321734	0.038008232	0.012060722	0	0.133193436	0.190574273	0.061841603
abysmally#r	0	0.801894746	0.074468375	0	0.076476195	0.012274075	0	0.03488661
abyss#n	0.294880853	0.09798297	0.148602009	0.144756122	0.002346178	0.070118783	0.153420794	0.087892291
ac#n	0.037941146	0.15049135	0.008495526	0.104148427	0.052343066	0.368892461	0.193674596	0.084013428
acacia#n	0	0.185766967	0	0.043269177	0.057064736	0.604079628	0.109819491	0
academe#n	0.037613036	0.108527491	0.108455077	0.162381339	0.086128547	0.186687114	0.256355722	0.053851674
academia#n	0.022897674	0.097300247	0.10668984	0.146384698	0.011022553	0.071025752	0.367766547	0.176912688
academic#a	0.069556583	0.106463588	0.180285135	0.132052034	0.122189885	0.130407822	0.198643875	0.060401077
academic#n	0.035936089	0.101930489	0.124242493	0.189298529	0.07424345	0.158247133	0.273780411	0.042321405
academically#r	0.243012762	0.016624261	0.139735335	0.004408542	0.002188846	0.126104864	0.353488858	0.114436531
academician#n	0.076528496	0.171844477	0.143624987	0.160320138	0.193001947	0.061992072	0.116319351	0.076368531
academy#n	0.092717173	0.160179643	0.072902072	0.10533966	0.11353042	0.172894779	0.168534152	0.113902101
acapulco#n	0.259967318	0.005279021	0.028967005	0.151101847	0.053353128	0.316441608	0.045404234	0.139485839
accede#v	0.035450246	0.140290584	0.21401899	0.170142833	0.161239196	0.065284631	0.052976778	0.160596741
accelerate#v	0.184337181	0.087365975	0.07164478	0.098965071	0.105035916	0.172233098	0.112114147	0.168303831
accelerated#a	0.197517312	0.097225303	0.037002476	0.072628803	0.095472599	0.149019943	0.216239441	0.134894122
acceleration#n	0.226235006	0.181865781	0.134965742	0.037226936	0.105371562	0.097361542	0.117556754	0.099416676
accelerator#n	0.340145521	0.090432305	0	0.017142336	0.022163224	0.05144885	0.478667763	0
accelerometer#n	0	0.239383	0.041682052	0.367851028	0	0.270225747	0.041804132	0.03905404
accent#n	0.039678375	0.169062843	0.171094342	0.099912644	0.17594245	0.116200256	0.135074442	0.093034647
accent#v	0	0.228119985	0.004702325	0.042795633	0.395938753	0.149100397	0.020270132	0.159072777
accented#a	0	0.232099061	0	0	0.47037174	0.297529199	0	0
accentuate#v	0.004921939	0.389483972	0.052016279	0.202270876	0.099539974	0.130121807	0.074325887	0.047319266
accept#v	0.07671798	0.117997287	0.148048394	0.178404293	0.123645226	0.126762741	0.134049137	0.094374942
acceptability#n	0.030481325	0.138318895	0.226103062	0.246778021	0.072142045	0.06767744	0.099203141	0.11929607
acceptable#a	0.073460072	0.162196051	0.157881662	0.153598074	0.147430854	0.11136478	0.085967801	0.108100707
acceptably#r	0.048023702	0.032523431	0.664467192	0.14993267	0	0.046462709	0.030291515	0.028298782
acceptance#n	0.073785808	0.108193982	0.159453345	0.193092453	0.118631156	0.143718662	0.12688614	0.076238454
accepted#a	0.139811742	0.11838737	0.132850936	0.142458996	0.111872429	0.098196014	0.148084818	0.108337695
accepting#a	0.248393241	0.065082872	0.012130885	0.139971096	0.214726153	0.101278784	0.153505841	0.064911127
acceptor#n	0.050618182	0.022853672	0.126820975	0.105355186	0.130772417	0.415101809	0.148477758	0
access#n	0.134551031	0.116843563	0.115883128	0.130064666	0.085134335	0.128631575	0.147965743	0.140925959
access#v	0.126658176	0.131211202	0.122085431	0.121388863	0.123820491	0.138774692	0.149590578	0.086470568
accessibility#n	0.151427984	0.108009211	0.056107283	0.105567899	0.058062358	0.151087725	0.300611714	0.069125825
accessible#a	0.057724753	0.137651531	0.082192322	0.129060778	0.127329021	0.144739344	0.21552201	0.105780241
accession#n	0.184894318	0.08930771	0.011810294	0.072353666	0.178008248	0.248785698	0.169204636	0.045635429
accessory#a	0.000635762	0.133069462	0.073027639	0.127800033	0.263422367	0.263197221	0.071371134	0.067476382
accessory#n	0.037692829	0.248090587	0.045786389	0.082785268	0.220133691	0.181684667	0.135125617	0.048700952
accident#n	0.092781332	0.084136506	0.133986198	0.057418064	0.080932494	0.067236474	0.072529291	0.41097964
accident-prone#a	0	0.016531613	0.017910864	0.606083993	0	0.052055535	0.273854791	0.033563204
accidental#a	0.090645913	0.110848854	0.117570266	0.178344071	0.090619766	0.066219327	0.170575124	0.17517668
accidentally#r	0.049460512	0.31319856	0.070547259	0.110263623	0.144975914	0.076052291	0.062099285	0.173402556
acclaim#n	0.203873116	0.092432684	0.016301521	0.114509156	0.065168809	0.094954934	0.18637434	0.226385441
acclaim#v	0.003717441	0.18282049	0.04206876	0.125229964	0.14054923	0.154258802	0.122306642	0.229048671
acclamation#n	0	0	0	0	0.552703111	0.177412573	0.269884316	0
acclimate#v	0	0	0	0	0	0.222046925	0.777953075	0
acclimatize#v	0.063370423	0.104950546	0.025294291	0.06363085	0.405408905	0.203867022	0.125831657	0.007646306
accolade#n	0.010365869	0.144371939	0.00741477	0.057141303	0.137060411	0.178425581	0.328328962	0.136891164
accommodate#v	0.117895385	0.119058297	0.12042113	0.155999218	0.09831652	0.13660553	0.125218891	0.126485029
accommodating#a	0.060914357	0.161924591	0	0.127275778	0.052874986	0.100672392	0.474974326	0.021363571
accommodation#n	0.115102101	0.135761993	0.232956831	0.072069468	0.069400489	0.13129217	0.118291791	0.125125155
accommodative#a	0.237067622	0.046570839	0	0	0.08882863	0.117318066	0.262583484	0.247631358
accompanied#a	0	0.315656597	0.087148585	0.196645075	0.260358661	0.013058237	0.127132845	0
accompaniment#n	0	0.178538851	0	0.116184301	0.431226717	0.175974976	0.095685233	0.002389922
accompany#v	0.094140368	0.123049042	0.141626035	0.17547247	0.138703165	0.097326008	0.096596086	0.133086826
accompanying#a	0.128516309	0.109856625	0.198478057	0.113263263	0.141122012	0.092896385	0.08722518	0.12864217
accomplice#n	0.14871048	0.103339046	0.250302263	0.136961316	0.063253373	0.080264056	0.008604525	0.208564942
accomplish#v	0.043251774	0.076511987	0.062459186	0.091084028	0.126658764	0.154857909	0.28056026	0.164616092
accomplishable#a	0	0	0	0.132686089	0.164696975	0.233492392	0.469124544	0
accomplished#a	0.032223894	0.072833581	0.014745537	0.137572894	0.291025741	0.216386714	0.199760106	0.035451533
accomplishment#n	0.063769848	0.101353218	0.100098086	0.163116603	0.091977474	0.137146293	0.249292417	0.093246061
accord#n	0.214452048	0.134427569	0.092772309	0.132532755	0.124375807	0.129246626	0.102465492	0.069727395
accord#v	0.02161466	0.085296775	0.235110309	0.120211237	0.119930471	0.130166971	0.14034279	0.147326788
accordance#n	0	0.33368713	0.197033392	0	0.469279479	0	0	0
according#a	0	0.032392621	0.237048649	0.114405905	0.010143332	0.386012454	0.210742748	0.00925429
accordingly#r	0.049679526	0.17167521	0.221712631	0.088674506	0.065778414	0.108711883	0.115520304	0.178247525
accordion#n	0	0	0	0	0	0	0	1
accost#v	0.121312722	0.032496298	0.493594081	0.077135285	0.039938283	0.059089066	0.054267333	0.122166932
account#n	0.116784313	0.143889335	0.191244009	0.119238701	0.138032997	0.104194638	0.097042012	0.089573995
account#v	0.116740441	0.114344305	0.234808455	0.094137459	0.113404272	0.125463509	0.087048838	0.114052722
accountability#n	0.075106852	0.067820079	0.186678	0.164555739	0.062517767	0.156928121	0.206955877	0.079437566
accountable#a	0.078468583	0.07288914	0.194429351	0.201397922	0.059951621	0.114844624	0.17577933	0.102239428
accountancy#n	0.02006449	0.050545724	0.008412636	0.149061892	0.111601157	0.542925007	0.050866789	0.066522306
accountant#n	0.111232921	0.075501069	0.137405316	0.070912149	0.164318069	0.191227952	0.144196941	0.105205584
accounting#n	0.08869602	0.060560216	0.150737956	0.118086485	0.130373935	0.143972905	0.240079362	0.067493121
accouterment#n	0	0	0.098341426	0.613357091	0	0	0.288301483	0
accra#n	0.18049679	0.087186411	0.134373463	0.112899473	0.093118031	0.111248962	0.111450996	0.169225873
accredit#v	0.05520746	0.119950621	0.130734588	0.291581694	0.133191137	0.145313726	0.06723816	0.056782614
accreditation#n	0.048220402	0.170471844	0.181004811	0.298123198	0.044976834	0.152684978	0.042176825	0.062341106
accredited#a	0.071870047	0.199155358	0.16463081	0.198772275	0.121472584	0.113602188	0.057085866	0.073410873
accretive#a	0	0.258634138	0	0	0.085508017	0.253532647	0.384322101	0.018003097
accrue#v	0.000955388	0.11409798	0.119869864	0.368330044	0.010196845	0.229818604	0.067932991	0.088798285
accrued#a	0	0	0	0	0	0.762661245	0.237338755	0
accumulate#v	0.187901377	0.125528304	0.116061398	0.149352881	0.08024038	0.073250098	0.115850991	0.151814572
accumulated#a	0.24505222	0.087275188	0.185960677	0.073368201	0.122828406	0.074490609	0.077239968	0.133784731
accumulation#n	0.079947096	0.048626626	0.212107861	0.009029638	0.166219549	0.109521161	0.110350596	0.264197474
accumulative#a	0	0	0	0	0	1	0	0
accuracy#n	0.22217877	0.093727016	0.326020622	0.041663539	0.049183419	0.109705066	0.13202235	0.025499218
accurate#a	0.112378749	0.17763053	0.112476308	0.105253149	0.195145471	0.096748952	0.122536046	0.077830795
accurately#r	0.104297987	0.111405704	0.228945544	0.114604538	0.115014396	0.163152848	0.108281312	0.054297672
accusation#n	0.108545909	0.111493678	0.236074745	0.184746236	0.139685227	0.060610412	0.044384236	0.114459557
accusatory#a	0	0	0.669655341	0.015606918	0.271209822	0.043527919	0	0
accuse#v	0.120296307	0.109914652	0.225829055	0.159453131	0.134346809	0.084417295	0.049989186	0.115753566
accuser#n	0.009602173	0.104015494	0.1495549	0.161312542	0.076760998	0.098324877	0.081738397	0.31869062
accusing#a	0.329758804	0.015425844	0.122201684	0.060374036	0.157166323	0.146880282	0.046759692	0.121433335
accustom#v	0.141780935	0.011454729	0.194269182	0.120209794	0.300491348	0.050309979	0.071861877	0.109622155
accustomed#a	0.016540887	0.174104438	0.027322435	0.093184554	0.172143559	0.097030276	0.329019971	0.09065388
ace#a	0.167418691	0.170951478	0.017865285	0.07694178	0.043826369	0.184898478	0.27730324	0.06079468
ace#n	0.077471522	0.082007575	0.050053517	0.111957356	0.101620061	0.2375326	0.159054518	0.18030285
ace#v	0.242338291	0.021656983	0.076409246	0.028815397	0.006248924	0.187858523	0.374676897	0.061995739
acer#n	0.053742226	0.370460686	0	0.066579206	0.014831595	0.068430001	0.011525717	0.414430569
acerbic#a	0.015110856	0.029563826	0.552295529	0	0.021688334	0.038289647	0.038125401	0.304926407
acerola#n	0	0	0.274588536	0.468135459	0	0	0	0.257276006
acetate#n	0	0	0	0	0	1	0	0
ache#n	0.294471981	0.0965555	0.009394816	0.038608977	0.045545864	0.056625304	0.287586868	0.17121069
ache#v	0.129887031	0.160843773	0.023582831	0.019065944	0.184980218	0.098194239	0.257044838	0.126401126
achievable#a	0.124536962	0.054934362	0.047615939	0.024368681	0.072789831	0.25771093	0.402753681	0.015289614
achieve#v	0.102009391	0.099295401	0.077370204	0.103844373	0.121504186	0.164668056	0.220618217	0.110690172
achievement#n	0.056141431	0.13559495	0.105564603	0.110723595	0.129948398	0.16224089	0.218257881	0.081528252
achiever#n	0.114380314	0.208242607	0.046715521	0.058957373	0.065369512	0.101678154	0.30437323	0.100283288
achilles#n	0.003007006	0.096234274	0.054567687	0.288079593	0.0753488	0.138345004	0.045175513	0.299242121
aching#a	0.022323778	0.094803898	0.080729222	0.001936002	0.019224544	0.170435439	0.599584896	0.010962221
aching#n	0.70397359	0	0	0	0	0	0.29602641	0
acid#a	0	0.083495129	0	0.545291512	0.159257553	0.134190519	0.077765287	0
acid#n	0.130297538	0.146159638	0.268656559	0.048274679	0.015436938	0.10412944	0.100325214	0.186719993
acidic#a	0	0.154123381	0	0.198885864	0.070625777	0.133935391	0.442429587	0
acidification#n	0	0	0.272138894	0	0	0.242536412	0.194204871	0.291119824
acidity#n	0	0.415526803	0	0	0	0.482329894	0.102143303	0
acknowledge#v	0.150010399	0.123807782	0.13120002	0.161015027	0.10445391	0.094657399	0.124369507	0.110485956
acknowledged#a	0.074614763	0.098134742	0.011313415	0.083582934	0.18505886	0.136611343	0.150777872	0.259906071
acknowledgement#n	0.197831447	0.133884053	0.080715633	0.237234519	0.061697941	0.051965307	0.128208173	0.108462928
acknowledgment#n	0.01639887	0.125598149	0.158233689	0.208698179	0.093379311	0.074235499	0.270971749	0.052484554
acne#n	0	0.814547703	0	0	0	0.185452297	0	0
acolyte#n	0	0.213831222	0	0	0.407858969	0	0	0.378309809
acorn#n	0	0	0	0	0	1	0	0
acoustic#a	0.006136632	0.140681796	0.055249787	0.096323209	0.247110668	0.270821795	0.182808245	0.000867868
acoustic#n	0.138091576	0.04968539	0	0.012135894	0.278438584	0.372373312	0.090426523	0.058848721
acoustically#r	0	0	0	0	0	0.358830015	0.641169985	0
acoustician#n	0	0	0	0	0	0.790788425	0.209211575	0
acquaint#v	0.027695693	0.104545656	0.037502641	0.131886843	0.122963663	0.228344027	0.327014252	0.020047225
acquaintance#n	0.023408012	0.071042273	0.206140233	0.046947042	0.141033955	0.06098049	0.381005297	0.069442698
acquiesce#v	0.106093827	0	0.087546517	0.263138148	0.098944751	0.03698076	0.145058483	0.262237514
acquiescence#n	0.136218842	0.172591607	0.08217334	0.184656233	0.023875885	0.24411513	0.154491101	0.001877863
acquire#v	0.129259744	0.139396573	0.161227	0.105210889	0.159835578	0.144874453	0.084618639	0.075577124
acquired#a	0.133723647	0.106839469	0.223243394	0.098315814	0.175089376	0.149794681	0.07024036	0.04275326
acquirer#n	0	1	0	0	0	0	0	0
acquiring#n	0.149434473	0.528145409	0.082427547	0.001894367	0.002351388	0.151724065	0.068046784	0.015975966
acquisition#n	0.123696299	0.162099069	0.073388134	0.149932132	0.174952068	0.151582976	0.119528015	0.044821307
acquit#v	0.063767313	0.057684698	0.152492182	0.225473686	0.20686789	0.111190571	0.066182556	0.116341104
acquittal#n	0.100887372	0.118432652	0.20391707	0.266512373	0.082923395	0.071703682	0.070634266	0.084989189
acre#n	0.391242475	0.073648451	0.0316477	0.040578055	0.05519813	0.085875107	0.091812981	0.229997101
acreage#n	0.170728466	0.390831235	0	0	0	0.039881309	0	0.39855899
acres#n	0	0.406366188	0	0.22486617	0	0.091135964	0.277631678	0
acrid#a	0.50225808	0.025390111	0	0	0	0.024619992	0.173920304	0.273811513
acrimonious#a	0.0523266	0.281537634	0.147235873	0.146345761	0.07624778	0.1412461	0.090847978	0.064212274
acrimony#n	0.005895083	0.318251183	0.023418036	0.108252248	0.509044459	0.030181133	0.004957857	0
acrobat#n	0.146248975	0.34667477	0	0	0	0.062139332	0.431658414	0.013278508
acrobatic#a	0	0.108484528	0.055631531	0.018605382	0.327482154	0.246785673	0.243010732	0
acrobatics#n	0.206475785	0.365043376	0	0	0	0.033076743	0.395404096	0
acronym#n	0.183714613	0.191091623	0.032688959	0.156326402	0.112976228	0.097397604	0.187942274	0.037862297
acrophobia#n	0	0	0	0	0	0	1	0
acrophobic#a	0	0	0	0	0	0	1	0
acropolis#n	0.15292563	0.012004923	0.07556161	0	0.015265358	0.125026586	0.429279691	0.189936202
