Lemma#PoS	AFRAID	AMUSED	ANGRY	ANNOYED	DONT_CARE	HAPPY	INSPIRED	SAD
0#n	0.145779738	0.10521065	0.09318875	0.087191154	0.14792921	0.241456766	0.072279546	0.106964185
1#n	0.124833439	0.110931569	0.125125121	0.125845801	0.135164101	0.148976809	0.106190732	0.122932429
10#n	0.1460547	0.111909702	0.12702788	0.119340305	0.124677354	0.137089924	0.106696718	0.127203417
100#n	0.168084647	0.122276776	0.10824576	0.097552755	0.113902706	0.118212597	0.10245176	0.169273
1000#n	0.150314468	0.150107384	0.079139986	0.081142688	0.063443864	0.142543026	0.112095492	0.22121309
10000#n	0.094746989	0.16771198	0.012183438	0.004187882	0.592170875	0.047630195	0.010120716	0.071247924
1000th#a	0	0.314733751	0	0	0	0.442881757	0.242384492	0
100th#a	0.295377087	0.126771389	0.111914326	0.086830432	0.029497767	0.129561989	0.154485971	0.065561039
101st#a	0	0	0	0	0	1	0	0
10th#a	0.079755621	0.0635851	0.129627676	0.123592088	0.130683997	0.192395435	0.096741243	0.18361884
11#n	0.176554869	0.098099482	0.119444541	0.10909082	0.118131676	0.131649004	0.089848083	0.157181525
110th#a	0	0	0	0	0.839893712	0.115535827	0	0.044570461
115th#a	0.098867643	0.042445516	0.078700969	0.033815508	0.08756288	0.550821803	0.032688375	0.075097306
11th#a	0.117299439	0.074408337	0.132020785	0.146849729	0.150376307	0.147689091	0.107497772	0.12385854
12#n	0.128237033	0.108143721	0.132628901	0.140178032	0.123952266	0.137278425	0.098808285	0.130773338
120#n	0.165822397	0.057320617	0.116459028	0.138909896	0.092171645	0.132268099	0.098172908	0.198875409
120th#a	0	0.589009537	0	0	0	0.184185324	0.22680514	0
12th#a	0.077548181	0.092666691	0.116355629	0.217383792	0.131572777	0.154189044	0.103189394	0.107094492
13#n	0.119212142	0.109302955	0.147753143	0.140784293	0.124376084	0.135996316	0.090653215	0.131921851
13th#a	0.125310396	0.108865194	0.062922428	0.165342759	0.17085627	0.160802843	0.103383305	0.102516803
14#n	0.117523982	0.110043515	0.126330182	0.127320219	0.137177659	0.143678665	0.095314365	0.142611412
144#n	0.282256357	0.020360769	0.088121092	0.201251391	0.090839224	0.095993575	0.093356938	0.127820655
14th#a	0.06078546	0.068420984	0.147457386	0.143826825	0.154848459	0.168475697	0.114847081	0.141338109
15#n	0.149155525	0.10329936	0.1351187	0.12016834	0.117362047	0.137045513	0.091832798	0.146017718
150th#a	0	0	0.680279267	0	0	0	0	0.319720733
15th#a	0.076363057	0.106666889	0.174316137	0.153169227	0.142409158	0.150546625	0.124190654	0.072338252
16#n	0.12993221	0.118594855	0.133069568	0.123697986	0.146398311	0.138590201	0.084975602	0.124741267
16th#a	0.081765734	0.147959464	0.097366465	0.168645721	0.122469057	0.163386162	0.103199075	0.115208322
17#n	0.135974201	0.11383345	0.156451082	0.112074392	0.106259087	0.150816558	0.087587618	0.137003613
1728#n	0.100984024	0	0.093783579	0	0.208686753	0.234987461	0.233716297	0.127841886
17th#a	0.053672215	0.080922436	0.060712904	0.154718865	0.192975327	0.167928782	0.116778188	0.172291282
18#n	0.116254463	0.111901629	0.125983657	0.112042895	0.125969109	0.148365044	0.1088488	0.150634404
1820s#n	0	0	0	0	0	1	0	0
1840s#n	0	0	0	0	0.547029669	0.248756958	0.204213373	0
1850s#n	0.125	0.125	0.125	0.125	0.125	0.125	0.125	0.125
1860s#n	0	1	0	0	0	0	0	0
1870s#n	0.217103342	0.026428559	0.208339085	0.119494367	0.200826539	0.058270308	0	0.169537799
1880s#n	0	0.185649297	0.013119296	0.078917573	0.029192993	0.136019041	0.557101799	0
1890s#n	0	0	0	0	0.460724833	0.205403419	0.333871748	0
18th#a	0.120070739	0.131752833	0.080933271	0.121910908	0.133216977	0.163899696	0.112568958	0.135646618
19#n	0.127038149	0.103453222	0.135028593	0.124403563	0.123887795	0.144543751	0.089718183	0.151926743
1900s#n	0.021513735	0.160310176	0.091336116	0.022044318	0.009746742	0.265524436	0.319628956	0.10989552
1920s#n	0.024164481	0.32007807	0.032136298	0.135341123	0.176038966	0.110285492	0.169489606	0.032465964
1930s#n	0.169250987	0.112137414	0.201412739	0.117704644	0.054297374	0.114905795	0.120399293	0.109891754
1940s#n	0.07096817	0.155186964	0.101705298	0.082648078	0.24524861	0.111189309	0.134263331	0.098790239
1950s#n	0.067940436	0.220316694	0.040413003	0.06985397	0.17733084	0.079640435	0.172469509	0.172035115
1960s#n	0.051791623	0.182833757	0.127959114	0.106557805	0.14168241	0.088461492	0.131005552	0.169708248
1970s#n	0.130916303	0.106933365	0.146687212	0.115371471	0.083269513	0.109611724	0.136814833	0.170395579
1980s#n	0.044381285	0.154687385	0.147530888	0.127256963	0.137203928	0.092297404	0.140866311	0.155775837
1990s#n	0.130710477	0.118508439	0.118571426	0.092410588	0.133263623	0.117882419	0.122310965	0.166342063
19th#a	0.069058186	0.194566478	0.072536974	0.078413927	0.149414605	0.150208464	0.152676613	0.133124752
1st#a	0.078808631	0.109019196	0.116003422	0.164420997	0.156511827	0.159066716	0.123375993	0.092793219
2#n	0.133992774	0.106163833	0.140404034	0.116199976	0.1305551	0.142005167	0.101057044	0.129622072
20#n	0.133382052	0.118820901	0.135041959	0.109382328	0.1219506	0.133006194	0.091422451	0.156993516
200th#a	0	0	0	0	0.795722831	0.058991937	0.145285232	0
20th#a	0.128090143	0.165340694	0.05918072	0.089322247	0.145445663	0.137403866	0.136216608	0.139000059
21#n	0.115217989	0.117713053	0.125722203	0.123705558	0.134771831	0.139298909	0.095566488	0.148003969
21st#a	0	0	0	0.064781524	0.419366557	0.085622159	0.39426311	0.03596665
22#n	0.120795718	0.107472422	0.14489666	0.140593397	0.128844508	0.135019124	0.094581241	0.12779693
22nd#a	0.037052098	0.127565356	0.063608397	0.082101325	0.040597791	0.243207415	0.188118087	0.217749531
23#n	0.112722977	0.119808261	0.143692365	0.127018692	0.139417839	0.139198637	0.082510149	0.135631081
23rd#a	0.138152896	0.166416485	0.047236106	0.072557523	0.10656845	0.182485682	0.139214619	0.147368241
24#n	0.152823571	0.109009164	0.12638895	0.13072475	0.115970809	0.125531914	0.094706583	0.144844258
24th#a	0.13942189	0.072672297	0.068950755	0.111073403	0.151212981	0.205108071	0.164910463	0.08665014
25#n	0.132262044	0.121448275	0.125840863	0.128141491	0.12203693	0.137127227	0.098278073	0.134865097
25th#a	0.031346807	0.158895767	0.087214482	0.126585486	0.21376455	0.167206517	0.143189096	0.071797296
26#n	0.138266137	0.108863533	0.141192199	0.113776466	0.1309944	0.128872272	0.090627608	0.147407385
26th#a	0.112177209	0.126186846	0.099737138	0.071509715	0.179721804	0.16390535	0.135126485	0.111635452
27#n	0.154802235	0.109077936	0.138015213	0.12233653	0.117660095	0.129143922	0.092861992	0.136102075
27th#a	0.042422664	0.070673636	0.203248908	0.105393702	0.144912099	0.139862786	0.118087399	0.175398807
28#n	0.118584659	0.111656448	0.126296563	0.130413031	0.136008821	0.13577857	0.104629876	0.136632032
28th#a	0.062056466	0.154581238	0.111424406	0.06349183	0.064862208	0.168497658	0.170479672	0.204606521
29#n	0.148431805	0.13726507	0.12174018	0.116542896	0.133594662	0.138396279	0.086726464	0.117302644
29th#a	0.01320274	0.123412356	0.074919555	0.059878642	0.134610816	0.232290177	0.160077742	0.201607972
2d#a	0.11392621	0.194959604	0.067446152	0.08634333	0.066794652	0.228200416	0.131878759	0.110450877
2nd#a	0.1095958	0.103638808	0.13113247	0.166513983	0.135705743	0.152906854	0.097818821	0.102687521
3#n	0.123427595	0.113753446	0.130476674	0.136471308	0.127550831	0.138904521	0.11028512	0.119130504
3-d#n	0	0.376339007	0.065115007	0.001782273	0.345295606	0.142895164	0.039683205	0.028889738
3-dimensional#a	0	0.03812841	0	0	0.498979796	0.297605087	0.106325129	0.058961577
30#n	0.155143382	0.109549435	0.127317044	0.118663492	0.121074518	0.130345219	0.092328518	0.145578391
30th#a	0.113239564	0.12086044	0.077967599	0.08276392	0.103336864	0.184626016	0.089673361	0.227532236
31st#a	0.083209313	0	0.010690077	0.057145162	0.476800621	0.021183751	0.024551194	0.326419881
32nd#a	0	0	0	0	0	0	0	1
34th#a	0	0.611665387	0	0	0	0.388334613	0	0
35th#a	0	0	0	0	0	1	0	0
38th#a	0	0	0	0	0	1	0	0
3d#n	0.062132522	0.229545551	0.037420414	0.094936412	0.143091801	0.236308579	0.107107685	0.089457037
3rd#a	0.109535221	0.122846253	0.12211059	0.143645339	0.12642671	0.163179881	0.116588807	0.095667199
4#n	0.122628522	0.112696584	0.134391679	0.131792636	0.127381906	0.139423256	0.106275108	0.12541031
40#n	0.156582487	0.127160324	0.105253615	0.103715559	0.108992886	0.115456388	0.130664656	0.152174084
400th#a	0	0	0	0	0	0.346500987	0	0.653499013
40th#a	0.054216446	0.121202327	0.134416458	0.110298405	0.197080382	0.119786573	0.139944262	0.123055147
44th#a	0.143229363	0.054000462	0.393770342	0.117863266	0	0.063448814	0.227687753	0
45th#a	0	0.068606025	0.140106929	0.01664243	0.561873233	0.099122194	0.012108062	0.101541128
46th#a	0	0.135817476	0.365360947	0.309283704	0	0.084941369	0.104596504	0
49th#a	0	0	0	0	0	0	0	1
4th#a	0.104893453	0.124319929	0.093599326	0.145171282	0.144582481	0.165935143	0.10238844	0.119109946
5#n	0.128568221	0.113512718	0.132637329	0.12985334	0.129785779	0.136722029	0.103034051	0.125886533
50#n	0.170674376	0.131917038	0.098362007	0.108570618	0.112227689	0.1267797	0.098492791	0.152975782
500#n	0.171427115	0.12512227	0.09348513	0.093395731	0.09397458	0.134493685	0.126085981	0.162015508
50th#a	0.071282432	0.203365988	0.037239489	0.073166003	0.159266158	0.195382241	0.139055754	0.121241933
55th#a	0	0	0	0	0	0.572645568	0.198890673	0.228463759
5th#a	0.096103102	0.131686471	0.106533012	0.161537752	0.136341859	0.159152258	0.097055842	0.111589703
6#n	0.129392999	0.11592559	0.134611833	0.129175461	0.120806904	0.138125796	0.10030454	0.131656877
60#n	0.164237912	0.109188115	0.114010686	0.102636846	0.088133389	0.125536983	0.103240533	0.193015538
60th#a	0.029797355	0.153565166	0.158702515	0.058363044	0.075861316	0.173180869	0.139495782	0.211033954
64th#a	0.155068246	0	0.355170301	0.026062553	0.121476477	0.211126292	0.051269848	0.079826284
65th#a	0	0	0	0	0	0.261165341	0	0.738834659
6th#a	0.118944373	0.102056971	0.161477084	0.121351693	0.099466772	0.129108166	0.116038049	0.151556891
7#n	0.131827727	0.110401449	0.133863438	0.126333074	0.123376222	0.140227122	0.105000752	0.128970216
70#n	0.171773155	0.109889149	0.126038688	0.116558478	0.103739928	0.11584314	0.101560791	0.154596671
70th#a	0.038177698	0.213003664	0.034919412	0.098008123	0.210263785	0.236437736	0.095155107	0.074034476
75th#a	0.205514051	0.326950128	0.004544302	0.191704875	0.015167906	0.091270065	0.022049024	0.142799648
78#n	0.251252691	0.088482329	0.10167344	0.0745926	0.114339522	0.127979338	0.085219742	0.156460337
7th#a	0.086434166	0.130588341	0.12986049	0.11842734	0.126391019	0.172428847	0.13568868	0.100181117
8#n	0.129165989	0.112145043	0.133706079	0.126211957	0.12254763	0.147861191	0.096667088	0.131695022
80#n	0.167552688	0.097237414	0.099882407	0.1134569	0.106730303	0.118848359	0.094591899	0.201700031
80th#a	0.115835725	0.044360404	0.072565474	0.068483652	0.054221741	0.113896572	0.20746089	0.323175542
85th#a	0	0.027943023	0.134554472	0.591984946	0.057644996	0.085922585	0.021519635	0.080430342
8th#a	0.047131523	0.123722882	0.072030524	0.113365635	0.142543041	0.206750609	0.171072944	0.123382842
9#n	0.1314016	0.101255153	0.136838564	0.131680721	0.122109872	0.143965148	0.101312994	0.131435948
9-11#n	0.035742708	0.037551839	0.413584726	0.099268694	0.038750683	0.259468127	0.09294577	0.022687452
90#n	0.204459504	0.131696907	0.094427147	0.10392615	0.111142079	0.110408794	0.081501742	0.162437678
90th#a	0	0.136626316	0	0	0.206992815	0.458232075	0.198148794	0
95th#a	0	0.101763979	0.094343985	0	0.209933765	0.334130562	0.169803671	0.090024039
9th#a	0.068179096	0.11396881	0.091921924	0.133819153	0.118731001	0.206238173	0.125785275	0.141356569
a#n	0.151775944	0.125929782	0.137730586	0.114995611	0.114812468	0.109557509	0.110051097	0.135147004
a-bomb#n	0.415344436	0.362032052	0	0	0	0	0.222623512	0
a-line#n	0	0	0.526465476	0	0	0.473534524	0	0
a-list#n	0.190902952	0	0	0	0.169074652	0.324433437	0.31558896	0
a-team#n	0	0	0	0.015116737	0.64586996	0.097901549	0.241111754	0
a.k.a.#r	0.032210454	0.106688881	0.311162745	0.077046345	0.209883849	0.115325973	0.073872102	0.073809651
a.m.#r	0.391440255	0.048801626	0.077028314	0.076324107	0.081088787	0.070512236	0.05321968	0.201584996
aa#n	0.112323401	0.043583399	0.171471757	0.193469552	0.096918172	0.186737889	0.154531925	0.040963906
aaa#n	0.177874038	0.057903668	0.278608875	0.081346852	0.057621095	0.167230663	0.098792113	0.080622695
aar#n	0	0	0	0.510678772	0	0.489321228	0	0
aarhus#n	0	0.234649519	0	0	0.085424246	0.116538077	0.563388158	0
aaron#n	0.116955094	0.172933744	0.043703988	0.128202007	0.148923531	0.159176267	0.109604272	0.120501097
aas#n	0	0	0	0	0.263892913	0.112793301	0.14481304	0.478500745
ab#n	0.033143299	0.147565821	0.113424784	0.111319984	0.22354571	0.170628674	0.187556809	0.012814919
aba#n	0.038770352	0.158627813	0.139809499	0.14871062	0.058542029	0.116162847	0.150232616	0.189144224
abaca#n	0	0.189610072	0.004340133	0.148543024	0.019014983	0.065170955	0.265339895	0.307980938
aback#r	0.028441233	0.178717838	0.238368647	0.230264343	0.150971657	0.067472072	0.088957593	0.016806617
abandon#n	0.209483077	0.125982808	0.130890532	0.072843713	0.130934074	0.118185311	0.110374289	0.101306195
abandon#v	0.113040387	0.139867299	0.121110886	0.144178754	0.119478846	0.089469002	0.127728865	0.145125962
abandoned#a	0.265976822	0.145815915	0.137806835	0.075302352	0.045844968	0.066166939	0.117848934	0.145237235
abandonment#n	0.138557646	0.107824234	0.126134359	0.182632744	0.046223373	0.133494138	0.182890371	0.082243135
abase#v	0.01785788	0.329667643	0.014215326	0.390906879	0.205607479	0.009589575	0.011808594	0.020346624
abate#v	0.35330477	0.125446177	0.064422149	0.049593322	0.026719391	0.179533436	0.043882925	0.157097831
abatement#n	0	0	0	0	0	0	0	1
abattoir#n	0	0.107486122	0.427845191	0.05079894	0	0.006421894	0.312361802	0.095086051
abaya#n	0.084147353	0.094263175	0.159432449	0.208539693	0.089018221	0.173648182	0.08908686	0.101864068
abb#n	0	0	0	0	0	0.408762703	0.591237297	0
abbess#n	0.014618277	0.090075734	0.139638481	0.084997971	0.012946788	0.090413546	0.567309204	0
abbey#n	0.023838954	0.267072902	0.014921008	0.055135702	0.294950326	0.162656496	0.146357558	0.035067054
abbot#n	0	0.400405963	0	0	0	0	0.599594037	0
abbreviate#v	0.064353583	0.079626721	0.520633943	0.120342781	0.077396996	0.10619352	0.006282595	0.02516986
abbreviated#a	0	0	0.15018768	0	0.586851272	0.083020778	0.124882525	0.055057745
abbreviation#n	0	0.198100971	0.021371991	0.305357094	0.302985158	0.009743161	0.162441623	0
abc#n	0.140420663	0.183108079	0.104657442	0.111712951	0.162196158	0.099893444	0.057754743	0.140256521
abcs#n	0	0	0	0	0	0.378520052	0.621479948	0
abdicate#v	0.021830494	0.090266704	0.097424626	0.118051999	0.155117201	0.051472619	0.097738718	0.36809764
abdication#n	0.076755149	0.113853787	0.000908661	0.166095535	0.366677227	0.051648735	0.102992579	0.121068326
abdomen#n	0	0.110856757	0.083037907	0	0.372935259	0.19250516	0.031696789	0.208968129
abdominal#a	0.209880087	0.017795553	0.048140442	0.014781564	0	0.059184056	0.426159769	0.22405853
abduct#v	0.165277173	0.044713348	0.240804314	0.08759287	0.063032584	0.101039934	0.070716991	0.226822786
abducting#a	0.093759496	0	0.493451984	0	0	0.261918248	0.116340506	0.034529766
abduction#n	0.209340365	0.024344219	0.230863548	0.080585028	0.103416394	0.084056756	0.083265993	0.184127698
abductor#n	0.214912518	0.033844829	0.224400153	0.080764046	0.043783342	0.046363579	0.059758504	0.296173029
abed#r	0	0.346949336	0.653050664	0	0	0	0	0
abel#n	0	0.063206223	0.059255374	0.319840656	0.020786678	0.362217226	0.174693844	0
abelard#n	0	0	0	0	0	0	1	0
aberdeen#n	0	0	0	0	0	0.299392518	0.098312445	0.602295038
aberrant#a	0	0.163712796	0	0.374268675	0.064032332	0.137036002	0.167549885	0.09340031
aberration#n	0.014612725	0.050838705	0.172472941	0.144450743	0.258904242	0.122555495	0.123949869	0.112215279
abet#v	0.075811899	0.152919899	0.166714752	0.202071839	0.060731949	0.132723087	0.08203937	0.126987204
abeyance#n	0.085099325	0.003228858	0.53809051	0.130195286	0.059327732	0.129003305	0.03164383	0.023411154
abhor#v	0.060218767	0.205647687	0.175633532	0.136883107	0.034999894	0.156458063	0.112530349	0.117628601
abhorrent#a	0	0.385599232	0	0.614400768	0	0	0	0
abide#v	0.119584177	0.12950393	0.167289983	0.21484807	0.104202024	0.098787928	0.093133569	0.07265032
abiding#a	0.186958408	0.027504598	0.041963381	0.264495537	0.091784818	0.132873037	0.155597354	0.098822867
abidjan#n	0.348621488	0.011296767	0.126875797	0.188177242	0.135797309	0.035299029	0	0.153932368
abila#n	0	0.103385515	0.028754132	0.131784847	0.063983552	0.4783499	0.193742054	0
ability#n	0.133129604	0.161116467	0.081336391	0.111802176	0.119004298	0.130394806	0.173499282	0.089716977
abject#a	0.110256318	0.079288825	0.086065117	0.160917614	0.038467688	0.229442941	0.271015677	0.024545818
abjectly#r	0	0.147819207	0	0.556710147	0	0.243725302	0.051745343	0
ablaze#a	0.342101435	0.031144839	0.150905102	0.032018901	0.065197442	0.051543993	0.056826978	0.27026131
able#a	0.121858317	0.110158315	0.12394306	0.123763875	0.117508711	0.13248039	0.155635077	0.114652255
able-bodied#a	0.13226175	0.044509221	0.106798592	0.09309266	0.123191249	0.062570727	0.097814177	0.339761625
ably#r	0.029725767	0.239106895	0.204081744	0.049851296	0.082637592	0.269045689	0.106302618	0.019248399
abnormal#a	0.364875951	0.113714554	0.057356542	0.07524317	0.174218052	0.063275684	0.112885568	0.03843048
abnormality#n	0.261197666	0.140875742	0.171388055	0.047307572	0.074972539	0.068802296	0.113423768	0.122032361
abnormally#r	0.048905786	0.424302378	0.107817776	0.198039708	0.129945224	0.050438779	0.011767605	0.028782743
abo#n	0	0	0	0.716340373	0	0.042604513	0	0.241055115
aboard#r	0.157220023	0.060487674	0.186404151	0.216443289	0.138354779	0.130995382	0	0.110094703
abode#n	0	0.047084531	0.081503475	0.039868325	0.007331996	0.066290718	0.40389825	0.354022706
abolish#v	0.108631286	0.127651651	0.180972695	0.135227777	0.084335012	0.146424762	0.113799157	0.102957661
abolition#n	0.104102639	0.105301515	0.153648176	0.22313431	0.107795	0.086454145	0.056028221	0.163535994
abolitionist#n	0	0.23356856	0.039336702	0.168724958	0	0.112967774	0.163693433	0.281708574
abominable#a	0.097897764	0.008291203	0.238617856	0.016513672	0.0303464	0.187411253	0.315058769	0.105863083
abomination#n	0	0	0	1	0	0	0	0
aboriginal#a	0.01241228	0.089817708	0.089617146	0.027527782	0.490630388	0.029045952	0.112973621	0.147975122
abort#v	0.078685009	0.140765719	0.128589139	0.145203719	0.128987574	0.105337426	0.148310823	0.124120591
abortifacient#a	0.018010528	0.162671517	0.292091549	0.187610936	0.030012205	0.148251558	0.152947147	0.008404559
abortifacient#n	0.026360163	0.087402767	0.35762943	0.233707896	0.067200486	0.118490061	0.065015285	0.044193912
abortion#n	0.132015337	0.093454827	0.196505674	0.162282736	0.06648607	0.123781963	0.148540632	0.07693276
abortionist#n	0	0.475143191	0	0	0	0.12477384	0.254126604	0.145956365
abortive#a	0.01719725	0.011074596	0.621157888	0.058845171	0	0.034710948	0.234097747	0.022916399
abound#v	0.054851255	0.168744317	0.093989794	0.11861241	0.112667164	0.147668698	0.157864831	0.14560153
abounding#a	0	0.385599232	0	0.614400768	0	0	0	0
about#a	0	0.665142361	0	0.076402548	0.204904115	0.053550976	0	0
about#r	0.154079565	0.118585791	0.124943298	0.114368278	0.111667901	0.110844341	0.118143425	0.147367401
about-face#n	0.111137889	0.290617635	0.086946874	0.150742528	0.096737245	0.014920126	0	0.248897702
above#a	0.128031405	0.163149601	0.156010011	0.129019106	0.114255411	0.108667649	0.124909125	0.075957691
above#r	0.118516151	0.150754756	0.082257485	0.10828014	0.096087921	0.137341419	0.179989723	0.126772405
above-mentioned#a	0.076881453	0.103543016	0.171414063	0.148112864	0.287309216	0.073008829	0.099310672	0.040419887
above-named#a	0	0	0	0	0.577373231	0.175036915	0	0.247589854
aboveboard#a	0.260754618	0.017287255	0.272684192	0.197684085	0.015504439	0.139405823	0.094494887	0.002184702
abracadabra#n	0	0.147819207	0	0.556710147	0	0.243725302	0.051745343	0
abraham#n	0.118332378	0.132089711	0.155907747	0.169753771	0.149999298	0.112148181	0.062656656	0.099112259
abrasion#n	0.379601146	0.0104038	0.49008541	0	0.025755051	0.014806228	0	0.079348365
abrasive#a	0.048099801	0.072275343	0.033088944	0.013726089	0.307336541	0.07999534	0.047214099	0.398263843
abreast#a	0.002585974	0.128293232	0.119049955	0.199969969	0.050949093	0.279379747	0.213879297	0.005892733
abreast#r	0	0	0	0	0	0.451871409	0.548128591	0
abridge#v	0.005196754	0.219642896	0.184301119	0.329565585	0.019777522	0.064535551	0.057767626	0.119212948
abridged#a	0	0.660319504	0.135127362	0.07561316	0	0	0	0.128939974
abridgment#n	0.023123993	0.009927513	0.754701281	0.126545249	0.040959959	0.003104368	0.015290892	0.026346745
abroad#a	0.318235753	0.020917636	0.427978891	0.023565908	0.026043558	0.09432931	0.040557411	0.048371533
abroad#r	0.12633411	0.107562165	0.111272563	0.107764583	0.121425121	0.150463906	0.156186877	0.118990675
abrogate#v	0.339317427	0.038129984	0.179643517	0.211153876	0.105581251	0.035907619	0.030663838	0.059602488
abrogation#n	0	0.017720908	0.774609789	0.097138961	0.036557306	0.005541389	0.068431647	0
abrupt#a	0.148089227	0.131862709	0.077791902	0.124217324	0.150821878	0.107525468	0.114200623	0.145490871
abruptly#r	0.013979005	0.172060298	0.114484702	0.078074009	0.186990072	0.13204591	0.09579599	0.206570014
abs#n	0.181071888	0.078705374	0.075121418	0.192257778	0.3115968	0.049862815	0.033578661	0.077805266
abscess#n	0.136966397	0.617420204	0	0.18738605	0	0.058227349	0	0
abscond#v	0	0.573434425	0.079670307	0	0	0.028552102	0	0.318343166
absconder#n	0	0	0.186771554	0	0	0.066934798	0	0.746293648
abseil#v	0	0	0	0	0	1	0	0
absence#n	0.086636065	0.100376361	0.142708454	0.162264395	0.159712029	0.123226045	0.095562537	0.129514113
absent#a	0.10365356	0.15194244	0.142963795	0.167590335	0.118097107	0.110487032	0.101701961	0.10356377
absent#v	0.196865626	0.089996008	0.264861076	0.10816558	0.063769937	0.097785214	0.10833495	0.070221608
absentee#n	0.050693466	0.13939184	0.186804515	0.158489839	0.135438079	0.116480771	0.104070919	0.108630571
absenteeism#n	0.124337821	0.161618477	0.321301683	0.135203808	0.03385961	0.090427609	0.110222419	0.023028572
absinthe#n	0	0.053868397	0	0.042916041	0	0.758016762	0.1451988	0
absolute#a	0.110092668	0.097956456	0.191964468	0.144261374	0.102378171	0.114023517	0.127436316	0.11188703
absolutely#r	0.133428965	0.136891066	0.123019752	0.125832915	0.148534645	0.11284794	0.116700893	0.102743824
absoluteness#n	0	0	0	0	0	1	0	0
absolution#n	0.023517557	0.050482479	0.73010344	0.080437074	0.062485391	0.009471592	0.007775554	0.035726913
absolutism#n	0	0	0	0	0.498842691	0.039319871	0.461837438	0
absolutist#a	0.047065375	0.212162716	0	0.064390937	0	0.1375824	0.366733251	0.172065322
absolve#v	0.108602769	0.103141662	0.232669826	0.132889655	0.107188984	0.052045353	0.131725507	0.131736244
absorb#v	0.145323679	0.081648418	0.113801282	0.111611461	0.08101783	0.14418825	0.21245021	0.109958869
absorbed#a	0	0	0	0	0	1	0	0
absorbency#n	0	0	0	0	0	1	0	0
absorbent#a	0	0.489021182	0.071159836	0	0	0.142858139	0.229059366	0.067901476
absorber#n	0.03491837	0.134011749	0.010916266	0.201022148	0.14392864	0.317301812	0.144639411	0.013261603
absorbing#a	0.041821113	0.181917857	0.135951758	0.163326876	0.079743405	0.169632942	0.195806341	0.031799708
absorption#n	0	0.133113268	0.24708709	0.052433955	0.052795389	0.103900147	0.073166903	0.337503248
absorptive#a	0.347758122	0.005148206	0.014318533	0.008202977	0	0.568903622	0.023788573	0.031879967
abstain#v	0.179289421	0.083528201	0.166936281	0.12097323	0.11394002	0.143438324	0.116511186	0.075383338
abstention#n	0.188867156	0.109278905	0.084043689	0.176809985	0.081874102	0.186716035	0.102919306	0.06949082
abstinence#n	0.017499486	0.117020246	0.169987978	0.235384656	0.124043777	0.094495532	0.177002873	0.064565453
abstract#a	0.007338547	0.223936386	0.024483854	0.081809479	0.039588863	0.147512858	0.342239165	0.133090847
abstract#n	0	0.117813296	0.030040151	0.141912506	0.137554728	0.182972703	0.23603545	0.153671165
abstract#v	0.007749742	0.155244044	0.074315659	0.348216777	0.027172551	0.206411073	0.113383226	0.067506928
abstraction#n	0.119895604	0.214640654	0.215177305	0.095857693	0.100740722	0.118180386	0.130473051	0.005034585
abstruse#a	0	0	0.108255791	0.031009588	0.321186755	0.505114869	0	0.034432996
absurd#a	0.019100753	0.129190987	0.16813848	0.173850694	0.17013691	0.099126288	0.16670129	0.073754597
absurdity#n	0.072859705	0.1382812	0.085762905	0.037735824	0.018217077	0.1722609	0.30185508	0.173027307
absurdly#r	0	0	0.325524583	0	0	0.674475417	0	0
abuja#n	0	0.00938372	0.236089154	0.063368837	0.241759907	0.194924945	0.034326533	0.220146904
abundance#n	0.070348487	0.183619371	0.04549383	0.039620438	0.091032748	0.157233313	0.275138034	0.137513778
abundant#a	0.058611758	0.105725852	0.077713978	0.128827011	0.09848385	0.166479433	0.207308105	0.156850012
abundantly#r	0.313357754	0.00820367	0.047585171	0.028998914	0.103097799	0.068333949	0.302463518	0.127959224
abuse#n	0.093817569	0.086525206	0.221250556	0.136038429	0.112141622	0.117322572	0.103567459	0.129336587
abuse#v	0.101448901	0.098274839	0.240912605	0.130460661	0.096161734	0.098312437	0.12521016	0.109218664
abused#a	0.041778175	0.069910379	0.208950154	0.146525493	0.073222262	0.118394102	0.164755657	0.176463778
abuser#n	0.019754441	0.101731832	0.270003898	0.32560399	0.06022466	0.04743506	0.079757273	0.095488845
abusive#a	0.103388726	0.097993145	0.281702417	0.089618657	0.076687575	0.118311769	0.131328384	0.100969328
abusively#r	0	0	0.497044773	0	0	0.502955227	0	0
abut#v	0.020322322	0.075322084	0.111069974	0.041704887	0.05399575	0.251574844	0.047500178	0.398509962
abuzz#a	0.099772174	0.178868826	0.143723655	0.209813302	0.146224289	0.09596585	0.065917033	0.059714871
aby#v	0	0	0	0	0	0.585737431	0	0.414262569
abysmal#a	0	0.559661149	0.034891452	0.01405167	0	0.172671239	0.160132757	0.058591734
abysmally#r	0	0.79635412	0.073828895	0	0.082141747	0.01245112	0	0.035224119
abyss#n	0.26436064	0.047886238	0.19355538	0.132074571	0.043687671	0.064196283	0.181829141	0.072410075
ac#n	0.06228233	0.192149869	0.01201038	0.113455909	0.075130187	0.285437687	0.153718463	0.105815174
acacia#n	0	0.09528053	0	0.084632491	0.116422965	0.532371596	0.171292419	0
academe#n	0.056796165	0.096249788	0.148379833	0.151885305	0.089407115	0.157561839	0.232014603	0.067705352
academia#n	0.056978688	0.188697005	0.066796141	0.115802058	0.01386355	0.081592128	0.359719102	0.116551328
academic#a	0.076525947	0.105332171	0.125937467	0.149310574	0.137039642	0.121365311	0.204922205	0.079566682
academic#n	0.045886858	0.105943006	0.151722525	0.174367605	0.074008437	0.17091984	0.221962812	0.055188919
academically#r	0.159433908	0.019822712	0.145033674	0.008696551	0.0045038	0.124179547	0.431085533	0.107244275
academician#n	0.081022408	0.116593886	0.126856059	0.264529954	0.14203985	0.056508544	0.135866121	0.076583179
academy#n	0.119819818	0.145530267	0.082264321	0.114894108	0.113477841	0.156350355	0.15087338	0.116789911
acapulco#n	0.308503967	0.011654317	0.075056868	0.111462067	0.064449307	0.204607865	0.063354925	0.160910684
accede#v	0.077143303	0.134271312	0.213244329	0.227868665	0.087529743	0.056707728	0.037212671	0.166022249
accelerate#v	0.185235181	0.099035111	0.074852168	0.110086943	0.104310972	0.146098435	0.099967363	0.180413826
accelerated#a	0.267355349	0.063169371	0.050937059	0.115724043	0.089810231	0.157872647	0.186779162	0.068352137
acceleration#n	0.266186196	0.126810687	0.070816694	0.0467143	0.122320224	0.146799189	0.133322174	0.087030536
accelerator#n	0.43168782	0.116785014	0	0.014568222	0.041128674	0.062561047	0.333269223	0
accelerometer#n	0	0.236375511	0.041088907	0.37663274	0	0.272563036	0.034132332	0.039207474
accent#n	0.052306698	0.160738686	0.161338316	0.081123048	0.179165791	0.113034876	0.134471254	0.117821331
accent#v	0	0.21301405	0.006982261	0.066001594	0.334170568	0.159582584	0.041734985	0.178513958
accented#a	0	0.222156612	0	0	0.486941096	0.290902291	0	0
accentuate#v	0.003514652	0.387637359	0.032939854	0.145207276	0.134191215	0.172375739	0.066859428	0.057274478
accept#v	0.092451773	0.110755489	0.147045028	0.156419679	0.138412247	0.121846881	0.137126291	0.095942612
acceptability#n	0.074375181	0.108428382	0.150407287	0.2497494	0.07220968	0.099218098	0.084264455	0.161347518
acceptable#a	0.075924864	0.13871451	0.185028552	0.147855234	0.132971244	0.10815648	0.087385287	0.123963828
acceptably#r	0.050347318	0.032422406	0.661283482	0.154982127	0	0.047313329	0.024969322	0.028682015
acceptance#n	0.065587699	0.105293152	0.132491411	0.147751985	0.14082648	0.129688569	0.165232756	0.113127948
accepted#a	0.140731665	0.125504172	0.119418055	0.136069891	0.114777549	0.100381241	0.147817003	0.115300425
accepting#a	0.228608692	0.058141328	0.016984914	0.286410021	0.108284066	0.084914973	0.089597419	0.127058587
acceptor#n	0.055214087	0.023704322	0.123693844	0.113309191	0.146702584	0.416368672	0.1210073	0
access#n	0.135738769	0.114499475	0.134353763	0.130560229	0.09096102	0.125027572	0.13891525	0.12994392
access#v	0.114567357	0.113885454	0.142845926	0.125294566	0.129679191	0.132503293	0.135935402	0.10528881
accessibility#n	0.0546946	0.114521377	0.087647781	0.158090807	0.086111367	0.132394692	0.258361103	0.108178274
accessible#a	0.069241846	0.130770264	0.094984951	0.128037533	0.13069696	0.144121668	0.17875935	0.123387429
accession#n	0.351573503	0.083524205	0.020750019	0.060827625	0.134284566	0.184527615	0.084887148	0.079625319
accessory#a	0.001577769	0.186659257	0.106388337	0.153673034	0.18917503	0.187407969	0.105430162	0.069688442
accessory#n	0.055671192	0.195457971	0.059098339	0.089244485	0.232357071	0.166879541	0.148760557	0.052530845
accident#n	0.121913989	0.092612144	0.122099479	0.064402206	0.090322007	0.07477596	0.105230393	0.328643822
accident-prone#a	0	0.044729876	0.048379821	0.361336448	0	0.05627461	0.396950312	0.092328932
accidental#a	0.09419911	0.139533511	0.136497477	0.211084211	0.095425444	0.071430196	0.104060384	0.147769667
accidentally#r	0.070937692	0.251250768	0.07312604	0.146794613	0.080084154	0.141845396	0.109849464	0.126111873
acclaim#n	0.133051556	0.099521421	0.025234476	0.19446473	0.101754573	0.130303422	0.190850519	0.124819304
acclaim#v	0.006644019	0.143724507	0.09524166	0.148090012	0.194123058	0.171030744	0.139895605	0.101250395
acclamation#n	0	0	0	0	0.596489879	0.180832601	0.22267752	0
acclimate#v	0	0	0	0	0	0.250281968	0.749718032	0
acclimatize#v	0.060464667	0.088964877	0.019642006	0.04673036	0.537177488	0.155593595	0.086654584	0.004772423
accolade#n	0.01493823	0.155285265	0.022760507	0.053899539	0.178860837	0.163187589	0.289354904	0.121713128
accommodate#v	0.121749476	0.118932685	0.132224497	0.150288892	0.087557304	0.147486101	0.143633429	0.098127617
accommodating#a	0.057613716	0.140326083	0	0.12011188	0.039545194	0.078927572	0.543678119	0.019797437
accommodation#n	0.105481319	0.138224692	0.200599953	0.096428439	0.069942813	0.122014061	0.132803983	0.13450474
accommodative#a	0.262477135	0.040104196	0	0	0.082732859	0.193648338	0.20422999	0.216807481
accompanied#a	0	0.313583333	0.086429811	0.202561633	0.279742513	0.013251151	0.10443156	0
accompaniment#n	0	0.219519454	0	0.071099215	0.404882617	0.151704431	0.146845434	0.005948849
accompany#v	0.108753627	0.1159075	0.132222569	0.151772093	0.120723717	0.110056547	0.11287497	0.147688978
accompanying#a	0.133194149	0.086008502	0.143288438	0.11285486	0.15278892	0.09609328	0.103306673	0.172465178
accomplice#n	0.165695253	0.105319551	0.204266007	0.126929195	0.117065218	0.059877132	0.017264381	0.203583264
accomplish#v	0.04990636	0.082921262	0.090362094	0.106943086	0.117343505	0.148054926	0.258533741	0.145935026
accomplishable#a	0	0	0	0.146034095	0.189071858	0.253160286	0.411733761	0
accomplished#a	0.031810429	0.084019939	0.024575252	0.186794043	0.206896028	0.194262023	0.225382021	0.046260264
accomplishment#n	0.079833274	0.086445657	0.093049735	0.160587864	0.105958847	0.120155059	0.232007193	0.121962373
accord#n	0.188689744	0.10452585	0.107118969	0.135415588	0.159125472	0.134143491	0.087568458	0.083412429
accord#v	0.028781922	0.066899215	0.243698315	0.132130927	0.126997299	0.128064621	0.141122311	0.132305389
accordance#n	0	0.250113626	0.325441521	0	0.424444853	0	0	0
according#a	0	0.04438076	0.283953144	0.142340555	0.013163577	0.251627724	0.253244599	0.01128964
accordingly#r	0.063108182	0.115589621	0.211098369	0.092565274	0.073850975	0.114110756	0.151467852	0.178208971
accordion#n	0	0	0	0	0	0	0	1
accost#v	0.10725357	0.027776936	0.490020332	0.089064257	0.052787931	0.063200491	0.04774887	0.122147612
account#n	0.115745694	0.130754159	0.190813829	0.120807435	0.129706105	0.109511663	0.089959043	0.112702073
account#v	0.134195029	0.103784477	0.191684445	0.10331612	0.124285506	0.121967967	0.08913667	0.131629787
accountability#n	0.073014718	0.077919811	0.20441562	0.144261342	0.077760766	0.138928715	0.184097167	0.099601861
accountable#a	0.089148917	0.074495635	0.191237377	0.150416193	0.076680096	0.120495771	0.18191736	0.115608651
accountancy#n	0.034350672	0.056582568	0.013672031	0.210991167	0.162079623	0.257878954	0.184659286	0.079785699
accountant#n	0.104429953	0.064428924	0.174673246	0.082011514	0.148872889	0.152236371	0.162797437	0.110549666
accounting#n	0.098607878	0.069980625	0.188920175	0.106017896	0.135540186	0.145908964	0.180570037	0.074454237
accouterment#n	0	0	0.100946016	0.653938393	0	0	0.245115591	0
accra#n	0.123552275	0.109475472	0.166160141	0.184752843	0.109785537	0.085026806	0.092750422	0.128496504
accredit#v	0.078154025	0.124378618	0.130538469	0.292987789	0.133386553	0.116887003	0.062603153	0.06106439
accreditation#n	0.065686252	0.121149459	0.19333158	0.266750576	0.063086393	0.15073041	0.067832264	0.071433066
accredited#a	0.054894557	0.138601971	0.141816647	0.244016383	0.1659575	0.137856568	0.060047946	0.056808429
accretive#a	0	0.283439047	0	0	0.101351444	0.261661555	0.333488718	0.020059235
accrue#v	0.021923209	0.120424894	0.190893605	0.257784197	0.056791762	0.137067313	0.070933383	0.144181637
accrued#a	0	0	0	0	0	0.746598553	0.253401447	0
accumulate#v	0.140523117	0.117401047	0.129372584	0.16336849	0.116989438	0.078784637	0.120579928	0.132980759
accumulated#a	0.207956359	0.057624169	0.15576389	0.121145606	0.140729108	0.104735292	0.078834226	0.13321135
accumulation#n	0.114023003	0.083146809	0.163813818	0.012284586	0.170602981	0.078153545	0.156128209	0.22184705
accumulative#a	0	0	0	0	0	1	0	0
accuracy#n	0.205165202	0.104310426	0.284091201	0.04107601	0.061191599	0.110437563	0.151427269	0.042300729
accurate#a	0.149909886	0.14410153	0.122433301	0.131097539	0.111164574	0.110463598	0.149768427	0.081061146
accurately#r	0.078344179	0.117294378	0.216703309	0.120510469	0.121215166	0.15185469	0.138508089	0.055569722
accusation#n	0.121760049	0.10833707	0.230871248	0.176371506	0.136555792	0.066175647	0.04951321	0.110415479
accusatory#a	0	0	0.653814169	0.015826749	0.286874402	0.04348468	0	0
accuse#v	0.129172558	0.107713668	0.208246015	0.168683201	0.12978894	0.084581471	0.053181399	0.118632749
accuser#n	0.030959307	0.074277249	0.232323296	0.205063008	0.069857665	0.087331623	0.111826087	0.188361766
accusing#a	0.371368336	0.02080288	0.083516895	0.069569114	0.141226539	0.182217049	0.056556631	0.074742557
accustom#v	0.138016736	0.023866676	0.122760481	0.143347113	0.32143721	0.065928484	0.081132992	0.103510307
accustomed#a	0.031882932	0.213626163	0.038469772	0.082640109	0.117972169	0.112365072	0.288027274	0.115016507
ace#a	0.12878887	0.206243614	0.045076619	0.118163919	0.053743604	0.213093091	0.170952409	0.063937873
ace#n	0.095122268	0.092159269	0.069181002	0.122622982	0.125949333	0.226695006	0.127226925	0.141043214
ace#v	0.27002703	0.025071775	0.077530136	0.050312052	0.026977786	0.134792857	0.361007936	0.054280429
acer#n	0.031572314	0.326255396	0	0.153074743	0.070123494	0.194328514	0.039875363	0.184770176
acerbic#a	0.020148042	0.037482764	0.556656199	0	0.029740357	0.049588751	0.039968949	0.266414938
acerola#n	0	0	0.268458501	0.475375526	0	0	0	0.256165972
acetate#n	0	0	0	0	0	1	0	0
ache#n	0.215210154	0.1474502	0.008208827	0.038222114	0.079292304	0.066552288	0.24660741	0.198456703
ache#v	0.113066944	0.136589973	0.015202469	0.020171264	0.196615588	0.137476075	0.28367143	0.097206256
achievable#a	0.076165696	0.046060001	0.035713561	0.040118037	0.075979849	0.270890743	0.433372049	0.021700064
achieve#v	0.104611014	0.093368462	0.095844485	0.109437298	0.118933427	0.160650856	0.203478823	0.113675635
achievement#n	0.060593791	0.133256455	0.077225926	0.115754182	0.132004195	0.167492622	0.222935568	0.090737262
achiever#n	0.092116762	0.144487221	0.068870977	0.074726274	0.069303967	0.119021712	0.297744556	0.133728529
achilles#n	0.005187893	0.099581521	0.079380325	0.184002122	0.141469458	0.172053458	0.066062463	0.25226276
aching#a	0.062734083	0.052166619	0.215357693	0.005364221	0.055560918	0.13722456	0.441809793	0.029782112
aching#n	0.751525049	0	0	0	0	0	0.248474951	0
acid#a	0	0.081655504	0	0.552955397	0.168451034	0.134053078	0.062884987	0
acid#n	0.09503057	0.146667068	0.202848003	0.072220202	0.025115176	0.159158733	0.128158493	0.170801753
acidic#a	0	0.163924539	0	0.219098076	0.081568357	0.145261259	0.390147769	0
acidification#n	0	0	0.366146555	0	0	0.203569995	0.095809138	0.334474312
acidity#n	0	0.396689668	0	0	0	0.499091054	0.104219279	0
acknowledge#v	0.141705364	0.108952862	0.148929232	0.163958557	0.105362827	0.101547837	0.114233739	0.115309582
acknowledged#a	0.087530167	0.08934674	0.012378955	0.075921368	0.191406695	0.14975274	0.173383517	0.220279819
acknowledgement#n	0.200602818	0.103069863	0.073429104	0.188894348	0.069999758	0.064860769	0.198980256	0.100163083
acknowledgment#n	0.015394876	0.129745204	0.204146718	0.137303136	0.084920716	0.105142456	0.244072024	0.07927487
acne#n	0	0.864495898	0	0	0	0.135504102	0	0
acolyte#n	0	0.17660851	0	0	0.364334119	0	0	0.459057371
acorn#n	0	0	0	0	0	1	0	0
acoustic#a	0.025782152	0.134420241	0.020537903	0.053684673	0.277584593	0.252748449	0.231716948	0.003525041
acoustic#n	0.035436396	0.114653253	0	0.033969109	0.342198706	0.306504511	0.101671891	0.065566134
acoustically#r	0	0	0	0	0	0.408763576	0.591236424	0
acoustician#n	0	0	0	0	0	0.823616943	0.176383057	0
acquaint#v	0.075827174	0.111012784	0.092124267	0.08352764	0.148726804	0.214705747	0.263855648	0.010219935
acquaintance#n	0.041690689	0.135562907	0.077131632	0.066539924	0.17950963	0.073484246	0.373476483	0.052604488
acquiesce#v	0.086064646	0	0.103631893	0.205824886	0.142606509	0.050625284	0.215115048	0.196131734
acquiescence#n	0.140376145	0.137827649	0.11563177	0.174807206	0.038718468	0.238480158	0.151467457	0.002691148
acquire#v	0.139871392	0.125096433	0.132071092	0.113305398	0.172753836	0.147055631	0.08358868	0.086257538
acquired#a	0.125803502	0.08790814	0.283247002	0.07137385	0.20576528	0.110809172	0.060905714	0.05418734
acquirer#n	0	1	0	0	0	0	0	0
acquiring#n	0.398903132	0.174017563	0.141048025	0.003366896	0.004359156	0.169093832	0.077019644	0.032191752
acquisition#n	0.13981363	0.127129469	0.103624436	0.134029556	0.189367279	0.155477989	0.086320648	0.064236992
acquit#v	0.139013522	0.067401244	0.195141703	0.149188134	0.13481259	0.141323248	0.053120141	0.119999418
acquittal#n	0.13715077	0.101314277	0.182326024	0.218760794	0.111685889	0.089831863	0.079240362	0.079690019
acre#n	0.302633142	0.086639946	0.065304759	0.036114572	0.094361692	0.063481631	0.12406009	0.227404168
acreage#n	0.245906254	0.252053569	0	0	0	0.02627275	0	0.475767426
acres#n	0	0.549823901	0	0.172777528	0	0.107288251	0.17011032	0
acrid#a	0.448189039	0.038200825	0	0	0	0.051809143	0.283161818	0.178639175
acrimonious#a	0.031533999	0.301281919	0.118359564	0.149667054	0.057244955	0.130052139	0.126641465	0.085218904
acrimony#n	0.008141616	0.4575907	0.014405781	0.069848567	0.416068074	0.028561576	0.005383686	0
acrobat#n	0.214783438	0.309693383	0	0	0	0.186847599	0.270231214	0.018444366
acrobatic#a	0	0.073861101	0.016267377	0.014549789	0.504018061	0.217462482	0.173841191	0
acrobatics#n	0.187049411	0.386794354	0	0	0	0.068029014	0.358127222	0
acronym#n	0.137219748	0.159594007	0.062370264	0.168146152	0.105225582	0.10531528	0.190249502	0.071879465
acrophobia#n	0	0	0	0	0	0	1	0
acrophobic#a	0	0	0	0	0	0	1	0
acropolis#n	0.247633742	0.019063093	0.119784405	0	0.026217476	0.056569834	0.247318983	0.283412467
across#r	0.133619262	0.150022315	0.076972677	0.077473955	0.128291454	0.125497548	0.154833884	0.153288907
