Lemma#PoS	AFRAID	AMUSED	ANGRY	ANNOYED	DONT_CARE	HAPPY	INSPIRED	SAD
0#n	0.091040449	0.101889368	0.167116461	0.065455893	0.135220504	0.291063671	0.064974737	0.083238917
1#n	0.121636905	0.116172549	0.118002753	0.119130569	0.13883705	0.164304729	0.105911187	0.116004259
10#n	0.131860111	0.118659319	0.121393261	0.111911272	0.138484847	0.143611016	0.106802784	0.127277389
100#n	0.170863303	0.128192539	0.104131795	0.093902636	0.107457325	0.117810557	0.106983404	0.170658442
1000#n	0.147027334	0.142150539	0.07638187	0.065646862	0.060772247	0.155713172	0.094968819	0.257339157
10000#n	0.094632855	0.172658622	0.011131484	0.003737293	0.586477761	0.046654602	0.009550914	0.07515647
1000th#a	0	0.336853157	0	0	0	0.413456312	0.24969053	0
100th#a	0.320738407	0.146574328	0.118701618	0.081067373	0.027685206	0.114831167	0.120824772	0.069577129
101st#a	0	0	0	0	0	1	0	0
10th#a	0.096738339	0.064845042	0.122668246	0.099642699	0.12364605	0.18620568	0.097121648	0.209132296
11#n	0.177897206	0.096849489	0.113096496	0.099719965	0.122297037	0.137492375	0.092261174	0.160386259
110th#a	0	0	0	0	0.841477176	0.113820581	0	0.044702244
115th#a	0.099842522	0.043501782	0.075163439	0.031544285	0.086844092	0.553967338	0.032245454	0.076891088
11th#a	0.104772518	0.096564323	0.110021763	0.139172825	0.155789592	0.159299637	0.114702262	0.11967708
12#n	0.128104945	0.113074782	0.128914229	0.135941586	0.126543123	0.147443887	0.09117946	0.128797988
120#n	0.139766885	0.068872813	0.132692235	0.148781942	0.100386398	0.134018729	0.0929687	0.182512298
120th#a	0	0.596134334	0	0	0	0.182925036	0.220940631	0
12th#a	0.081231724	0.093718282	0.120536835	0.195558353	0.130100878	0.167340059	0.101080069	0.1104338
13#n	0.117910932	0.114334978	0.145873304	0.140896825	0.123826558	0.139509564	0.084954845	0.132692995
13th#a	0.119130027	0.118748263	0.065316087	0.163622375	0.165593002	0.158735116	0.104351548	0.104503582
14#n	0.118779276	0.114322234	0.124768758	0.120012059	0.140301466	0.148691874	0.097289158	0.135835175
144#n	0.220330353	0.026865338	0.09283717	0.196366084	0.089386984	0.102001846	0.10886201	0.163350214
14th#a	0.075327337	0.071715335	0.143336315	0.130565499	0.177195004	0.178217972	0.103292994	0.120349543
15#n	0.153667121	0.106859497	0.129873696	0.114931783	0.116198829	0.141770415	0.086516718	0.150181941
150th#a	0	0	0.664956221	0	0	0	0	0.335043779
15th#a	0.073514429	0.09997681	0.160994638	0.146957167	0.153771367	0.151227864	0.134384281	0.079173445
16#n	0.129045657	0.121887658	0.129866616	0.114223778	0.143428203	0.145154694	0.085414911	0.130978484
16th#a	0.079148413	0.148971549	0.115399158	0.150740244	0.138293228	0.165664966	0.093532734	0.108249707
17#n	0.139306097	0.116387426	0.143710286	0.106345147	0.112503798	0.162393922	0.086610679	0.132742644
1728#n	0.102358984	0	0.089900862	0	0.207743522	0.237207588	0.231407252	0.131381793
17th#a	0.063304272	0.101333583	0.054390818	0.138408401	0.174564821	0.165100926	0.108595259	0.194301919
18#n	0.121125406	0.107514584	0.123394744	0.103261712	0.136209089	0.158883108	0.108108489	0.141502868
1820s#n	0	0	0	0	0	1	0	0
1840s#n	0	0	0	0	0.54572461	0.251646316	0.202629074	0
1850s#n	0.125	0.125	0.125	0.125	0.125	0.125	0.125	0.125
1860s#n	0	1	0	0	0	0	0	0
1870s#n	0.226801401	0.027792638	0.202754476	0.111962066	0.197274281	0.058750013	0	0.174665125
1880s#n	0	0.190899711	0.012686199	0.07453729	0.029315354	0.137432919	0.555128526	0
1890s#n	0	0	0	0	0.460225921	0.208059688	0.331714391	0
18th#a	0.120997741	0.14133459	0.071742246	0.105204901	0.128347717	0.193696469	0.111117595	0.127558742
19#n	0.119974721	0.109586304	0.127803106	0.112061774	0.129856458	0.161476169	0.09304904	0.146192428
1900s#n	0.026253928	0.154425696	0.105410559	0.024884029	0.011417974	0.27202982	0.274155982	0.131422013
1920s#n	0.036627539	0.29523713	0.040734231	0.098889016	0.205635522	0.105730233	0.187656426	0.029489904
1930s#n	0.121903863	0.107837507	0.18020616	0.136784311	0.067475725	0.106678721	0.137438676	0.141675038
1940s#n	0.054375309	0.140326798	0.106666682	0.066735191	0.283777346	0.112122631	0.142178342	0.093817701
1950s#n	0.076793236	0.22677846	0.036742406	0.069227815	0.169215462	0.077435983	0.177688141	0.166118498
1960s#n	0.053643901	0.174751085	0.144777347	0.081464708	0.148845522	0.097682774	0.143913022	0.154921641
1970s#n	0.146336756	0.108724885	0.128880161	0.100109316	0.101103546	0.102279183	0.142174724	0.170391429
1980s#n	0.052705445	0.154027927	0.137683478	0.11617877	0.143340971	0.098375563	0.133037648	0.164650197
1990s#n	0.134561351	0.129502797	0.115010302	0.088081158	0.118118483	0.113307968	0.110479347	0.190938593
19th#a	0.044955649	0.204245559	0.054313372	0.073765553	0.206393958	0.177816327	0.131783503	0.106726078
1st#a	0.103186898	0.112592955	0.091004977	0.154363338	0.163165547	0.168605395	0.11281395	0.09426694
2#n	0.130510226	0.106092573	0.132838994	0.110564952	0.145413158	0.153860162	0.097168601	0.123551336
20#n	0.124380175	0.120948053	0.119098114	0.101857285	0.129875527	0.148953165	0.09959662	0.155291062
200th#a	0	0	0	0	0.792075898	0.060874105	0.147049998	0
20th#a	0.153510671	0.17082106	0.054849269	0.072552461	0.134493673	0.142048199	0.137317924	0.134406744
21#n	0.118412983	0.121970094	0.112327468	0.111482508	0.135104521	0.156158534	0.10376341	0.140780482
21st#a	0	0	0	0.073158811	0.503531031	0.075848692	0.302879217	0.044582249
22#n	0.112255883	0.116984154	0.136837313	0.129095219	0.129848429	0.158396392	0.101638395	0.114944215
22nd#a	0.031820178	0.207597819	0.056104813	0.120110234	0.073563964	0.209577849	0.135490765	0.165734378
23#n	0.098110393	0.118004528	0.136261647	0.113171326	0.142944281	0.172414341	0.098515504	0.12057798
23rd#a	0.145740822	0.135043021	0.068207149	0.077049322	0.130992488	0.180041949	0.14638432	0.116540929
24#n	0.136858908	0.117045678	0.108022844	0.118622958	0.125636575	0.157398573	0.106973788	0.129440676
24th#a	0.128050451	0.081980212	0.072422155	0.105888197	0.175025164	0.192904769	0.169642258	0.074086795
25#n	0.129627694	0.120831722	0.114216633	0.125317743	0.128514894	0.150457293	0.100503905	0.130530115
25th#a	0.033129555	0.152909727	0.09183632	0.112652922	0.203668741	0.176571833	0.151608245	0.077622657
26#n	0.139671165	0.116917711	0.131737087	0.102902657	0.121376536	0.130145871	0.09324477	0.164004204
26th#a	0.111976908	0.104821314	0.087059312	0.043565955	0.237754931	0.178212991	0.120811251	0.115797338
27#n	0.148430128	0.107247122	0.135859259	0.118801551	0.112680213	0.134111841	0.093585787	0.1492841
27th#a	0.052294928	0.083283496	0.158832194	0.121351829	0.154890013	0.15701091	0.116623765	0.155712866
28#n	0.113847506	0.113700495	0.119863944	0.121552677	0.144431305	0.152942959	0.105141371	0.128519743
28th#a	0.051807428	0.233076266	0.111789651	0.056717227	0.05659031	0.178799819	0.13794081	0.173278489
29#n	0.138922561	0.137444513	0.12011077	0.114388714	0.134090662	0.149180187	0.083798818	0.122063774
29th#a	0.011286093	0.17029717	0.065958861	0.064933868	0.151901513	0.229195918	0.160955177	0.1454714
2d#a	0.073708263	0.241348958	0.055489049	0.098795104	0.08548298	0.225161486	0.130567104	0.089447056
2nd#a	0.113780339	0.10511857	0.122770743	0.154720057	0.132182306	0.173845133	0.096991831	0.100591021
3#n	0.121976675	0.117320302	0.12800583	0.130462669	0.130875934	0.143992047	0.110560105	0.116806439
3-d#n	0	0.381028726	0.111413197	0.002833784	0.259404784	0.158890523	0.057935472	0.028493514
3-dimensional#a	0	0.039457631	0	0	0.492316341	0.301177904	0.106023092	0.061025032
30#n	0.160171784	0.112567422	0.124026486	0.113755203	0.118839316	0.131987657	0.094376612	0.144275519
30th#a	0.103322782	0.133924949	0.0887958	0.079094035	0.110809009	0.171460822	0.086712729	0.225879874
31st#a	0.083265749	0	0.010447352	0.052614026	0.466741712	0.021027775	0.023903793	0.341999592
32nd#a	0	0	0	0	0	0	0	1
34th#a	0	0.616141949	0	0	0	0.383858051	0	0
35th#a	0	0	0	0	0	1	0	0
38th#a	0	0	0	0	0	1	0	0
3d#n	0.07305037	0.302118572	0.025873055	0.066149297	0.131832976	0.22959176	0.10737409	0.06400988
3rd#a	0.122422164	0.121041876	0.115850519	0.139763043	0.126058736	0.176234991	0.109347857	0.089280813
4#n	0.116897882	0.113512424	0.13461454	0.127698837	0.137179649	0.148788903	0.099961778	0.121345987
40#n	0.142821166	0.122287317	0.124512387	0.129057327	0.103505388	0.107343068	0.118494291	0.151979056
400th#a	0	0	0	0	0	0.342456699	0	0.657543301
40th#a	0.044250464	0.126913371	0.125429297	0.129593239	0.164333544	0.14044399	0.148132108	0.120903987
44th#a	0.09349446	0.069832982	0.475095316	0.139253758	0	0.056249532	0.166073953	0
45th#a	0	0.053041663	0.150357829	0.026442558	0.489736074	0.085448697	0.022115721	0.172857458
46th#a	0	0.092471143	0.428194033	0.354041186	0	0.056749917	0.068543721	0
49th#a	0	0	0	0	0	0	0	1
4th#a	0.128493478	0.120637655	0.087680422	0.128883875	0.139680615	0.186141577	0.103727606	0.104754772
5#n	0.124757621	0.115116313	0.130767132	0.120570027	0.138807547	0.146113784	0.10250999	0.121357586
50#n	0.168866553	0.147055634	0.096773596	0.099209343	0.104903218	0.125513485	0.099156462	0.158521709
500#n	0.174472391	0.123695368	0.103411565	0.088358111	0.09061778	0.133848253	0.121890771	0.16370576
50th#a	0.071723846	0.203229491	0.037408398	0.073165145	0.161470081	0.193727675	0.159272515	0.10000285
55th#a	0	0	0	0	0	0.572463083	0.195019485	0.232517432
5th#a	0.160290035	0.126260438	0.09505112	0.136996926	0.124700968	0.173524746	0.08269137	0.100484397
6#n	0.130226361	0.11863811	0.12748051	0.125928098	0.121414643	0.148269643	0.101413033	0.126629601
60#n	0.168081364	0.117055142	0.113749538	0.103499894	0.085008854	0.124624085	0.10034064	0.187640484
60th#a	0.032942486	0.233501598	0.098594166	0.059400968	0.071983752	0.169834105	0.138828699	0.194914225
64th#a	0.161224773	0	0.339845016	0.025468709	0.126211527	0.214474358	0.052069659	0.080705958
65th#a	0	0	0	0	0	0.257724267	0	0.742275733
6th#a	0.164583385	0.09272064	0.132107868	0.102557813	0.114230758	0.159145781	0.096577427	0.138076328
7#n	0.129894641	0.112307289	0.130525908	0.119857944	0.131168465	0.145584861	0.100734251	0.129926642
70#n	0.171699481	0.111865897	0.121991905	0.110844229	0.109512993	0.109393039	0.102060133	0.162632322
70th#a	0.031647693	0.251999432	0.039881001	0.080280095	0.19309146	0.264234781	0.075991198	0.06287434
75th#a	0.199990639	0.35118736	0.004562331	0.176152456	0.015813999	0.090747417	0.021529868	0.14001593
78#n	0.199929305	0.108414605	0.11034589	0.084461621	0.11388008	0.133710487	0.084641778	0.164616234
7th#a	0.073807074	0.130432208	0.142018794	0.114511786	0.137817275	0.180232143	0.116227739	0.104952981
8#n	0.123763073	0.109068206	0.128124503	0.11933523	0.129138217	0.155764004	0.098046664	0.136760103
80#n	0.163515116	0.102279691	0.097609529	0.109663241	0.104521915	0.125117052	0.092587613	0.204705842
80th#a	0.111800361	0.046782678	0.066249112	0.065748346	0.07991433	0.117506761	0.156942046	0.355056367
85th#a	0	0.019035548	0.158968735	0.639547143	0.038001313	0.05743745	0.014109994	0.072899817
8th#a	0.050588759	0.122393168	0.070550436	0.104435714	0.164394968	0.208241647	0.16033864	0.119056667
9#n	0.124517998	0.106070836	0.128496471	0.119377355	0.128219996	0.160521961	0.102342884	0.130452498
9-11#n	0.0466519	0.047428308	0.351204796	0.114638374	0.045087024	0.250181132	0.11886066	0.025947807
90#n	0.195268351	0.139316857	0.100659006	0.101228519	0.105128324	0.118055384	0.080138454	0.160205106
90th#a	0	0.179361857	0	0	0.121742506	0.507446226	0.191449411	0
95th#a	0	0.104471465	0.090254171	0	0.20855995	0.336601461	0.167784268	0.092328685
9th#a	0.084390286	0.120500234	0.09647011	0.123949582	0.116812666	0.203065403	0.12049263	0.13431909
a#n	0.142757637	0.115372722	0.131610949	0.103704103	0.121058494	0.126535443	0.123111254	0.135849398
a-bomb#n	0.349248927	0.308949468	0	0	0	0	0.341801605	0
a-line#n	0	0	0.484128623	0	0	0.515871377	0	0
a-list#n	0.191472474	0	0	0	0.166544804	0.332789965	0.309192756	0
a-team#n	0	0	0	0.014229816	0.646402205	0.099357033	0.240010946	0
a.k.a.#r	0.034427347	0.08450074	0.375373129	0.055110079	0.226585907	0.093744119	0.053370067	0.076888612
a.m.#r	0.371986443	0.05293863	0.080224639	0.081029524	0.080351267	0.090224883	0.05643489	0.186809725
aa#n	0.229937161	0.03261822	0.136870775	0.143040269	0.139536139	0.15156436	0.105347322	0.061085753
aaa#n	0.115425439	0.065597375	0.194568275	0.078484527	0.06765971	0.245402258	0.175855678	0.057006737
aar#n	0	0	0	0.491875728	0	0.508124272	0	0
aarhus#n	0	0.240929832	0	0	0.084878196	0.117417934	0.556774038	0
aaron#n	0.064384314	0.204685398	0.045299531	0.06043349	0.098654976	0.092635738	0.13618704	0.297719512
aas#n	0	0	0	0	0.260254936	0.114294864	0.142649283	0.482800917
ab#n	0.042123496	0.175036809	0.062248317	0.102524847	0.21101619	0.176775011	0.216157792	0.014117538
aba#n	0.030359579	0.09553403	0.132899312	0.117233321	0.055748293	0.12312221	0.213894803	0.231208453
abaca#n	0	0.04465632	0.000925899	0.078751737	0.00499234	0.030255965	0.123401457	0.717016281
aback#r	0.032347393	0.164193784	0.219774646	0.196221077	0.151934981	0.089089602	0.125886536	0.020551981
abandon#n	0.187460359	0.159716995	0.110842247	0.076730427	0.128067508	0.124908233	0.107359272	0.104914958
abandon#v	0.106486739	0.141248768	0.115637017	0.13230699	0.134634858	0.092814892	0.114505762	0.162364973
abandoned#a	0.257544895	0.132044847	0.153052018	0.060397485	0.063344533	0.067851555	0.11270001	0.153064658
abandonment#n	0.150817376	0.117261446	0.102282369	0.225923406	0.04862802	0.097690026	0.192314409	0.065082948
abase#v	0.018398684	0.344704325	0.013850896	0.372024799	0.208043839	0.00983937	0.011884194	0.021253893
abate#v	0.286181837	0.158302798	0.046835519	0.069188202	0.03896202	0.203285292	0.050633475	0.146610856
abatement#n	0	0	0	0	0	0	0	1
abattoir#n	0	0.124829683	0.492028591	0.039601311	0	0.00478803	0.22843173	0.110320655
abaya#n	0.078611621	0.104017169	0.130835246	0.199676857	0.085838446	0.213406719	0.103133555	0.084480389
abb#n	0	0	0	0	0	0.41344354	0.58655646	0
abbess#n	0.011817185	0.15188943	0.106754545	0.063469942	0.010278714	0.173001022	0.482789162	0
abbey#n	0.021644073	0.27819705	0.012996476	0.032237403	0.22994915	0.247621471	0.157113918	0.020240459
abbot#n	0	0.574301905	0	0	0	0	0.425698095	0
abbreviate#v	0.07432122	0.142121218	0.379220016	0.151322483	0.079011033	0.142975165	0.004000502	0.027028361
abbreviated#a	0	0	0.105086602	0	0.561989185	0.107711009	0.154569004	0.0706442
abbreviation#n	0	0.234671284	0.013845343	0.33369199	0.30165689	0.006674038	0.109460455	0
abc#n	0.147010701	0.158590651	0.09548397	0.096695447	0.149833353	0.114789933	0.060320478	0.177275468
abcs#n	0	0	0	0	0	0.383079017	0.616920983	0
abdicate#v	0.026544644	0.119336032	0.063129178	0.173829795	0.120691533	0.060170494	0.137556745	0.298741579
abdication#n	0.085388358	0.177752664	0.00102035	0.212395317	0.245214522	0.081906255	0.135260052	0.061062481
abdomen#n	0	0.114907784	0.08005664	0	0.369990855	0.190516055	0.031597087	0.212931579
abdominal#a	0.237747226	0.021216698	0.053909893	0.009049874	0	0.101102481	0.332112156	0.244861672
abduct#v	0.140102749	0.043395473	0.282587481	0.077092689	0.068213222	0.082661185	0.061947646	0.243999555
abducting#a	0.05824458	0	0.589751294	0	0	0.182996971	0.124151626	0.044855529
abduction#n	0.162317993	0.028149453	0.245347094	0.082491099	0.102638452	0.082076158	0.074366124	0.222613627
abductor#n	0.206667579	0.029787041	0.22731159	0.067777321	0.075185489	0.03188569	0.058497929	0.302887362
abed#r	0	0.363107743	0.636892257	0	0	0	0	0
abel#n	0	0.04077614	0.098862881	0.358629406	0.018381277	0.200599485	0.282750811	0
abelard#n	0	0	0	0	0	0	1	0
aberdeen#n	0	0	0	0	0	0.212999457	0.079158503	0.70784204
aberrant#a	0	0.237769036	0	0.247843076	0.069222189	0.117039861	0.194603828	0.13352201
aberration#n	0.015585985	0.054327003	0.171601558	0.140340901	0.25080184	0.12398574	0.123325616	0.120031358
abet#v	0.073429593	0.148227064	0.185363022	0.209007204	0.06269792	0.132578454	0.077672234	0.111024509
abeyance#n	0.058957694	0.004533194	0.485618934	0.157782636	0.054298622	0.165531368	0.042562597	0.030714954
abhor#v	0.061788696	0.213449667	0.171111549	0.128284436	0.034550015	0.157547958	0.112605874	0.120661804
abhorrent#a	0	0.408121197	0	0.591878803	0	0	0	0
abide#v	0.138083575	0.129285645	0.179553567	0.192830443	0.095445189	0.095692094	0.101354329	0.067755158
abiding#a	0.203538592	0.025746553	0.041190297	0.239246208	0.081857223	0.13050261	0.167519404	0.110399113
abidjan#n	0.406696213	0.007087966	0.097974083	0.10664816	0.081362204	0.021477699	0	0.278753675
abila#n	0	0.105209415	0.027267508	0.122064177	0.063009943	0.487484223	0.194964734	0
ability#n	0.123526389	0.171714418	0.071375022	0.111811978	0.12203477	0.129718008	0.181247405	0.08857201
abject#a	0.090048393	0.073019655	0.093211557	0.121702453	0.054392399	0.229078619	0.298093693	0.040453232
abjectly#r	0	0.156672378	0	0.537052488	0	0.253487621	0.052787513	0
ablaze#a	0.290707008	0.022376988	0.135322266	0.029390747	0.057314947	0.055967836	0.062278806	0.346641402
able#a	0.115646407	0.108077987	0.115620202	0.119141492	0.117357784	0.13608737	0.171365355	0.116703402
able-bodied#a	0.123809357	0.039523493	0.090899067	0.073585262	0.091697033	0.040808625	0.134209961	0.405467202
ably#r	0.035362615	0.207147047	0.202620573	0.059586552	0.100820448	0.243747612	0.124994544	0.02572061
abnormal#a	0.303294628	0.157520841	0.051438515	0.091815215	0.150461354	0.065372538	0.114154334	0.065942574
abnormality#n	0.289373891	0.142554291	0.13519615	0.038591415	0.072095119	0.063767682	0.117878051	0.140543401
abnormally#r	0.049912005	0.436914153	0.104184538	0.186363488	0.130241986	0.050957972	0.011723446	0.029702412
abo#n	0	0	0	0.862865276	0	0.020285507	0	0.116849217
aboard#r	0.176576251	0.059349835	0.171384902	0.115559965	0.130549723	0.210108111	0	0.136471212
abode#n	0	0.055762231	0.092493447	0.0355825	0.004452802	0.072549598	0.348854266	0.390305155
abolish#v	0.106734063	0.118038375	0.160958952	0.160016515	0.088403471	0.16415029	0.091227836	0.110470498
abolition#n	0.059113757	0.079024391	0.145137248	0.2996717	0.10400414	0.074542594	0.04295602	0.19555015
abolitionist#n	0	0.218558412	0.044427123	0.186449937	0	0.114405161	0.095297181	0.340862185
abominable#a	0.106430362	0.009274426	0.248380977	0.016812825	0.032400993	0.133044728	0.33685622	0.116799469
abomination#n	0	0	0	1	0	0	0	0
aboriginal#a	0.005900429	0.115687816	0.08217627	0.024855785	0.518357886	0.029188101	0.084482536	0.139351176
abort#v	0.09345859	0.105805967	0.150518887	0.140859948	0.093285075	0.094122927	0.149681361	0.172267246
abortifacient#a	0.021868281	0.107985093	0.234138696	0.133575412	0.031702107	0.129942925	0.324881832	0.015905654
abortifacient#n	0.033603673	0.081258956	0.349738133	0.169868119	0.042381809	0.131411429	0.153566379	0.038171501
abortion#n	0.176873971	0.095772701	0.196937925	0.11684341	0.052101987	0.093916549	0.15947291	0.108080548
abortionist#n	0	0.674030455	0	0	0	0.127595148	0.124283912	0.074090484
abortive#a	0.018993482	0.012413303	0.593394861	0.06000808	0	0.038090473	0.251501974	0.025597827
abound#v	0.05173776	0.172768583	0.087490403	0.127840733	0.132655314	0.138343301	0.149262231	0.139901675
abounding#a	0	0.408121197	0	0.591878803	0	0	0	0
about#a	0	0.53355985	0	0.101244406	0.288689236	0.076506508	0	0
about#r	0.157229568	0.118446015	0.119137224	0.109483581	0.109700293	0.112051195	0.123422596	0.150529528
about-face#n	0.116695596	0.309690648	0.079864335	0.14077198	0.092275524	0.01560181	0	0.245100108
above#a	0.139712553	0.162373528	0.155798389	0.119783067	0.136780823	0.105409371	0.111413584	0.068728686
above#r	0.119901097	0.14831631	0.085569146	0.111228405	0.106542881	0.133827672	0.167207058	0.127407431
above-mentioned#a	0.089083342	0.127677516	0.161482363	0.167388836	0.263043364	0.088385807	0.074955077	0.027983696
above-named#a	0	0	0	0	0.571392116	0.1756548	0	0.252953083
aboveboard#a	0.191315926	0.025933322	0.257647296	0.193422169	0.022187818	0.1716588	0.134560515	0.003274154
abracadabra#n	0	0.156672378	0	0.537052488	0	0.253487621	0.052787513	0
abraham#n	0.084699277	0.182584889	0.122914793	0.174472449	0.158773922	0.116445002	0.069103704	0.091005963
abrasion#n	0.38340854	0.011136841	0.48106264	0	0.026679427	0.015036395	0	0.082676157
abrasive#a	0.04906317	0.074819561	0.032318765	0.012917531	0.309398604	0.080354872	0.047536786	0.39359071
abreast#a	0.00325531	0.182967333	0.133561086	0.139873807	0.045304053	0.302480698	0.185036739	0.007520974
abreast#r	0	0	0	0	0	0.456664075	0.543335925	0
abridge#v	0.008065102	0.180385168	0.182147077	0.365226431	0.030398817	0.052116725	0.078141917	0.103518762
abridged#a	0	0.676924685	0.125732748	0.068719822	0	0	0	0.128622745
abridgment#n	0.024371937	0.01061895	0.752254871	0.123201269	0.042397943	0.003258446	0.015742475	0.028154108
abroad#a	0.403463135	0.02704469	0.280370846	0.027455141	0.032394143	0.117011928	0.050116816	0.062143301
abroad#r	0.140892961	0.10991117	0.103602495	0.110370967	0.116934982	0.151284371	0.153396784	0.11360627
abrogate#v	0.334085326	0.040236733	0.179939314	0.204236986	0.108676303	0.038492727	0.031579682	0.06275293
abrogation#n	0	0.019445373	0.775158214	0.092659448	0.038819461	0.005966852	0.067950651	0
abrupt#a	0.144631394	0.124322088	0.086464636	0.129847947	0.13946368	0.103245903	0.096380261	0.175644092
abruptly#r	0.013971399	0.149843538	0.133901558	0.082170711	0.181352272	0.136071456	0.091633319	0.211055746
abs#n	0.298805341	0.084185794	0.052721862	0.151592123	0.258654538	0.043406421	0.02876535	0.08186857
abscess#n	0.137702622	0.629974566	0	0.174023279	0	0.058299534	0	0
abscond#v	0	0.561004688	0.077545405	0	0	0.029264724	0	0.332185183
absconder#n	0	0	0.1766429	0	0	0.066662952	0	0.756694147
abseil#v	0	0	0	0	0	1	0	0
absence#n	0.077534618	0.108997207	0.143708604	0.154569611	0.16178936	0.117181362	0.100351808	0.135867429
absent#a	0.081119867	0.163559011	0.151401769	0.174994518	0.126045719	0.107347446	0.092611756	0.102919914
absent#v	0.212646978	0.066241229	0.286133021	0.117414624	0.050130054	0.096051524	0.103657545	0.067725026
absentee#n	0.057574512	0.128681971	0.204851669	0.140225053	0.141203552	0.11831282	0.083498473	0.125651951
absenteeism#n	0.135399693	0.181765859	0.307172209	0.143364884	0.038196356	0.076323991	0.091003823	0.026773184
absinthe#n	0	0.05516382	0	0.040000735	0	0.761720882	0.143114563	0
absolute#a	0.109553608	0.085092822	0.183344671	0.151047087	0.087967305	0.107587801	0.154404575	0.121002131
absolutely#r	0.132265655	0.149564933	0.11095606	0.112314581	0.133076693	0.120123534	0.129175	0.112523544
absoluteness#n	0	0	0	0	0	1	0	0
absolution#n	0.024647763	0.05369564	0.723657754	0.077872239	0.064316663	0.00988597	0.007960319	0.037963651
absolutism#n	0	0	0	0	0.49981033	0.039948857	0.460240813	0
absolutist#a	0.065905824	0.301511997	0	0.083289246	0	0.17475919	0.251874294	0.122659449
absolve#v	0.133892045	0.104328072	0.217059341	0.108328687	0.146654254	0.063268852	0.114626137	0.111842612
absorb#v	0.126660389	0.075434015	0.129360424	0.102979242	0.086294005	0.161740593	0.215492813	0.102038518
absorbed#a	0	0	0	0	0	1	0	0
absorbency#n	0	0	0	0	0	1	0	0
absorbent#a	0	0.556419318	0.050599729	0	0	0.17298496	0.168233217	0.051762776
absorber#n	0.03239542	0.12350461	0.009145469	0.168877853	0.126800469	0.372479676	0.154322264	0.01247424
absorbing#a	0.04532257	0.201062636	0.139580726	0.164020274	0.086011757	0.122842098	0.206255955	0.034903983
absorption#n	0	0.15107593	0.236480094	0.039047213	0.062708502	0.196447581	0.077612807	0.236627872
absorptive#a	0.416336001	0.006255146	0.016211691	0.009071542	0	0.485609316	0.027819555	0.038696749
abstain#v	0.219304567	0.095171184	0.140430982	0.11060183	0.102343155	0.126353688	0.134694132	0.071100463
abstention#n	0.198411881	0.141814955	0.074684208	0.157772328	0.080796242	0.181218181	0.097199581	0.068102623
abstinence#n	0.02566394	0.180943151	0.106261786	0.171010891	0.145097997	0.092330007	0.216254669	0.062437559
abstract#a	0.025929456	0.308917839	0.015250165	0.117250324	0.03453538	0.151342309	0.254106407	0.092668119
abstract#n	0	0.141994119	0.025977271	0.152628493	0.176750451	0.166083105	0.222887332	0.113679229
abstract#v	0.010869692	0.197331986	0.087284483	0.249550019	0.018909148	0.192796684	0.149781748	0.093476241
abstraction#n	0.133345362	0.241199304	0.13232574	0.084258371	0.11598522	0.141001912	0.148772199	0.003111891
abstruse#a	0	0	0.104000898	0.029097782	0.320434642	0.511002883	0	0.035463795
absurd#a	0.02617185	0.139469645	0.20157367	0.171523439	0.17277713	0.085279069	0.132531534	0.070673664
absurdity#n	0.098056427	0.163126373	0.059278758	0.045061797	0.023261053	0.168044001	0.265824406	0.177347183
absurdly#r	0	0	0.314280119	0	0	0.685719881	0	0
abuja#n	0	0.002968038	0.448721768	0.036587443	0.136279509	0.102686903	0.010450199	0.26230614
abundance#n	0.058180833	0.168765958	0.049499649	0.03877778	0.099132908	0.141719377	0.286487181	0.157436313
abundant#a	0.071256819	0.119825555	0.079135323	0.121681332	0.087591489	0.15494825	0.208641475	0.156919757
abundantly#r	0.337977054	0.018913864	0.02684415	0.031348433	0.105184092	0.093689232	0.308435523	0.077607652
abuse#n	0.101418881	0.075689631	0.242148654	0.125042786	0.100585583	0.104238292	0.108419253	0.142456919
abuse#v	0.128962212	0.095018758	0.21344835	0.13234262	0.091470979	0.097511129	0.11996806	0.121277891
abused#a	0.057461946	0.070716842	0.230332525	0.129311353	0.080671111	0.122784733	0.148790304	0.159931187
abuser#n	0.018954041	0.110661901	0.227828042	0.32656453	0.050558378	0.070616691	0.079987033	0.114829384
abusive#a	0.102429942	0.119624476	0.249353036	0.096084388	0.073786297	0.103297303	0.137098974	0.118325583
abusively#r	0	0	0.484128623	0	0	0.515871377	0	0
abut#v	0.028790263	0.106624268	0.146298711	0.054576041	0.075126234	0.246346345	0.065087355	0.277150782
abuzz#a	0.078729491	0.188572421	0.119179005	0.215662794	0.17064414	0.089782819	0.063360646	0.074068683
aby#v	0	0	0	0	0	0.581385563	0	0.418614437
abysmal#a	0	0.500885597	0.043272117	0.017295491	0	0.153697766	0.206855256	0.077993774
abysmally#r	0	0.80273637	0.069349373	0	0.0801265	0.012316065	0	0.035471692
abyss#n	0.312337672	0.053251341	0.112455401	0.14342323	0.052310025	0.072882848	0.209265636	0.044073849
ac#n	0.056175601	0.179869639	0.010818401	0.096582908	0.067043399	0.337884701	0.152524824	0.099100528
acacia#n	0	0.169555603	0	0.078687502	0.115086476	0.468256341	0.168414078	0
academe#n	0.052819482	0.109462396	0.157779758	0.165737029	0.094438285	0.140058789	0.223294606	0.056409655
academia#n	0.046097145	0.175406455	0.158476342	0.113598808	0.017374842	0.088131383	0.299738595	0.10117643
academic#a	0.069382022	0.095853486	0.191293184	0.125515474	0.127170858	0.116757819	0.195284177	0.078742981
academic#n	0.044871667	0.102437853	0.124388861	0.151661925	0.06952193	0.166571302	0.282591942	0.05795452
academically#r	0.159988624	0.020912303	0.13549795	0.008424478	0.00463866	0.136182636	0.414224599	0.120130749
academician#n	0.088163879	0.105636716	0.1434099	0.229799874	0.146524814	0.063566767	0.127114657	0.095783394
academy#n	0.112764046	0.180636691	0.062289659	0.10036108	0.10458936	0.174672592	0.155637166	0.109049407
acapulco#n	0.251685212	0.010234956	0.06315788	0.127228038	0.049621523	0.307556149	0.054190031	0.136326211
accede#v	0.080642418	0.134208844	0.237363091	0.23306285	0.089691863	0.05850355	0.036718516	0.129808867
accelerate#v	0.165912336	0.104958201	0.07389761	0.10342392	0.100616677	0.156130446	0.121080571	0.173980238
accelerated#a	0.281305351	0.081212335	0.054234362	0.104772192	0.110405473	0.142946991	0.14366317	0.081460127
acceleration#n	0.247657171	0.135063376	0.092173202	0.049936073	0.133121538	0.13103001	0.106226124	0.104792506
accelerator#n	0.344918377	0.174453583	0	0.018289283	0.035665963	0.062883315	0.363789479	0
accelerometer#n	0	0.247008537	0.040011316	0.358224759	0	0.279494333	0.03433007	0.040930985
accent#n	0.032625682	0.158735719	0.137261644	0.087616051	0.190961416	0.136674257	0.163212079	0.092913151
accent#v	0	0.216616378	0.007061793	0.065200622	0.318209585	0.161156401	0.043928348	0.187826872
accented#a	0	0.226960764	0	0	0.481407611	0.291631625	0	0
accentuate#v	0.004115165	0.352622052	0.036143074	0.131748197	0.171811875	0.151300519	0.076198663	0.076060454
accept#v	0.083762829	0.111152509	0.141058518	0.162605112	0.137325575	0.121039882	0.140185895	0.10286968
acceptability#n	0.058482876	0.104922674	0.193373815	0.209407163	0.071815102	0.08800168	0.081476842	0.192519847
acceptable#a	0.073613159	0.165035705	0.162783345	0.14267432	0.146897128	0.10946151	0.089479312	0.110055521
acceptably#r	0.052864008	0.034549587	0.656651787	0.150316877	0	0.049474185	0.025609689	0.030533868
acceptance#n	0.0828748	0.102406273	0.137036384	0.135751953	0.139485754	0.134384876	0.163320979	0.104738982
accepted#a	0.117802416	0.118362571	0.163639347	0.135894033	0.105382976	0.096516496	0.154891241	0.10751092
accepting#a	0.271482518	0.069340074	0.01938062	0.164150421	0.118069197	0.098876135	0.102795888	0.155905147
acceptor#n	0.076050032	0.0331353	0.093034465	0.144163659	0.19844739	0.350783386	0.104385767	0
access#n	0.13295928	0.117710376	0.127189358	0.119393727	0.092781322	0.125151016	0.145465164	0.139349758
access#v	0.119436858	0.131034144	0.130508317	0.116373364	0.124732921	0.13276159	0.139529958	0.105622848
accessibility#n	0.070264934	0.132845973	0.099181577	0.135179283	0.08130769	0.143680722	0.228348147	0.109191674
accessible#a	0.069047346	0.127183213	0.087554717	0.12262697	0.124306339	0.1437614	0.193289173	0.132230842
accession#n	0.234232904	0.129638962	0.016680356	0.058002849	0.173452862	0.184088204	0.150274909	0.053628954
accessory#a	0.001952256	0.13864869	0.08377272	0.127060052	0.210563496	0.229427808	0.15069107	0.057883909
accessory#n	0.044039307	0.22845501	0.049822086	0.093629853	0.189624589	0.199115379	0.150717425	0.044596351
accident#n	0.111266634	0.087441538	0.132307944	0.055844187	0.080790714	0.070023575	0.083276749	0.379048658
accident-prone#a	0	0.033254522	0.033517151	0.482274551	0	0.057823901	0.324554773	0.068575101
accidental#a	0.098131897	0.147477218	0.124407338	0.203020001	0.101387535	0.068363367	0.113258181	0.143954463
accidentally#r	0.076473515	0.282776114	0.084318273	0.098782436	0.077701835	0.124681594	0.10360099	0.151665242
acclaim#n	0.23636929	0.098252	0.019430613	0.128756216	0.096102594	0.106671149	0.187482843	0.126935295
acclaim#v	0.007624403	0.17606507	0.082344085	0.130448857	0.148960137	0.174153237	0.13903095	0.141373261
acclamation#n	0	0	0	0	0.595692556	0.183125133	0.221182312	0
acclimate#v	0	0	0	0	0	0.253007602	0.746992398	0
acclimatize#v	0.060595512	0.089765796	0.018247003	0.042118053	0.54814889	0.152306638	0.084151503	0.004666604
accolade#n	0.016118065	0.133637941	0.016773471	0.04523203	0.150092886	0.173979011	0.305902079	0.158264517
accommodate#v	0.137302326	0.118731098	0.120435506	0.161511155	0.09193722	0.131689413	0.128682755	0.109710526
accommodating#a	0.069932077	0.172661537	0	0.1362486	0.045620751	0.093496843	0.457356033	0.024684159
accommodation#n	0.088631536	0.15676001	0.230672967	0.08603778	0.078109263	0.122924768	0.122551545	0.11431213
accommodative#a	0.25204687	0.03875923	0	0	0.077376374	0.155935018	0.26655115	0.209331357
accompanied#a	0	0.325726191	0.08365911	0.191507528	0.281192782	0.013506722	0.104407666	0
accompaniment#n	0	0.144461623	0	0.138745587	0.475563067	0.130930074	0.103535634	0.006764014
accompany#v	0.108117612	0.127771284	0.119972902	0.138705107	0.137511223	0.109768801	0.112808366	0.145344705
accompanying#a	0.151958719	0.089165911	0.137392032	0.121110392	0.131511119	0.091780995	0.098893985	0.178186847
accomplice#n	0.130159501	0.126051983	0.237906486	0.132167098	0.081079111	0.054181427	0.017622381	0.220832012
accomplish#v	0.055501347	0.092322768	0.09148036	0.111890747	0.12723586	0.155105162	0.245270377	0.121193379
accomplishable#a	0	0	0	0.138369159	0.190471015	0.258612373	0.412547453	0
accomplished#a	0.031469589	0.083680019	0.027000696	0.156448387	0.249976108	0.194096276	0.20850157	0.048827355
accomplishment#n	0.072247253	0.093132215	0.104749515	0.167488844	0.107063182	0.133755936	0.216708999	0.104854055
accord#n	0.182982498	0.137215142	0.116062989	0.144603211	0.140134563	0.118798902	0.078694189	0.081508506
accord#v	0.024323789	0.081957644	0.247204341	0.145500154	0.101554039	0.134344108	0.126912991	0.138202934
accordance#n	0	0.252558415	0.327282435	0	0.42015915	0	0	0
according#a	0	0.042402177	0.251189192	0.12298773	0.012092702	0.327138605	0.233482809	0.010706785
accordingly#r	0.073661645	0.126132055	0.197416073	0.098443473	0.084894983	0.116997983	0.142621026	0.159832762
accordion#n	0	0	0	0	0	0	0	1
accost#v	0.115491619	0.044457613	0.45709114	0.097774921	0.040962577	0.081251811	0.052871186	0.110099132
account#n	0.115811128	0.131758277	0.203988506	0.111751965	0.152734019	0.101599755	0.088888233	0.093468117
account#v	0.125850733	0.10256784	0.218116333	0.095725868	0.127339529	0.126338483	0.090284386	0.113776829
accountability#n	0.07013642	0.077129748	0.191108088	0.122814426	0.080252501	0.137912896	0.231926898	0.088719024
accountable#a	0.076055298	0.07988464	0.193323008	0.163242599	0.084903158	0.12168293	0.173254938	0.107653429
accountancy#n	0.038681574	0.063201432	0.01456013	0.219979289	0.180845351	0.26375144	0.129611998	0.089368787
accountant#n	0.108424275	0.072885938	0.161615427	0.103354061	0.150624295	0.147320392	0.146271195	0.109504416
accounting#n	0.094806191	0.056988958	0.180247313	0.118425701	0.156909596	0.137139379	0.183146413	0.072336449
accouterment#n	0	0	0.101673052	0.643328254	0	0	0.254998694	0
accra#n	0.111887526	0.097141222	0.209648875	0.160113748	0.103045728	0.086014177	0.081039277	0.151109446
accredit#v	0.065786998	0.116138247	0.137964622	0.268695861	0.141100786	0.144570358	0.059869278	0.06587385
accreditation#n	0.048016564	0.160726468	0.210001655	0.2701771	0.071431957	0.129845139	0.04406122	0.065739897
accredited#a	0.060319253	0.150693797	0.138975148	0.22991696	0.183632156	0.119536434	0.060170829	0.056755423
accretive#a	0	0.392287933	0	0	0.135743883	0.250378652	0.193854166	0.027735366
accrue#v	0.032263317	0.123555874	0.177050147	0.209230587	0.069418946	0.165048032	0.08939145	0.134041646
accrued#a	0	0	0	0	0	0.807161411	0.192838589	0
accumulate#v	0.17757	0.110437507	0.113743759	0.136361625	0.11356061	0.079324364	0.128325416	0.14067672
accumulated#a	0.237849458	0.071859404	0.165205199	0.08914197	0.161831896	0.080820378	0.083859964	0.10943173
accumulation#n	0.098625901	0.066299187	0.175542403	0.012463962	0.191179921	0.097010935	0.125589977	0.233287714
accumulative#a	0	0	0	0	0	1	0	0
accuracy#n	0.210107452	0.119653157	0.266784367	0.054798093	0.065159669	0.1140594	0.13258294	0.036854922
accurate#a	0.133431175	0.154495594	0.118606851	0.133125149	0.111553654	0.114777969	0.148540067	0.085469542
accurately#r	0.078969443	0.131427021	0.201312737	0.124212782	0.124995318	0.15356606	0.125222432	0.060294208
accusation#n	0.119087565	0.108285754	0.233470224	0.164233793	0.160112038	0.062606294	0.051348465	0.100855867
accusatory#a	0	0	0.645439034	0.015260576	0.294095614	0.045204777	0	0
accuse#v	0.132587129	0.108599468	0.213158099	0.158554334	0.130134134	0.081304652	0.048098662	0.12756352
accuser#n	0.02945121	0.093106668	0.180207542	0.162293488	0.068510519	0.085435201	0.107503823	0.273491549
accusing#a	0.311499894	0.022292459	0.095727202	0.063708518	0.16623253	0.180870513	0.064638632	0.095030251
accustom#v	0.140187146	0.025228735	0.114712691	0.136723717	0.326047003	0.067636165	0.0826766	0.106787944
accustomed#a	0.028301302	0.212222817	0.03027664	0.072002801	0.14381379	0.112119649	0.298021148	0.103241853
ace#a	0.126576488	0.190661004	0.038569479	0.0959775	0.046136129	0.195499236	0.249949187	0.056630976
ace#n	0.111604722	0.085096584	0.053666662	0.100492251	0.109330695	0.230961172	0.140977921	0.167869994
ace#v	0.259147344	0.021775794	0.062011157	0.040937556	0.024150978	0.175710452	0.370649461	0.045617257
acer#n	0.044156555	0.387821488	0	0.12188628	0.026279051	0.108750222	0.020265546	0.290840859
acerbic#a	0.028677549	0.05414466	0.370611679	0	0.041573397	0.07029169	0.055570747	0.379130278
acerola#n	0	0	0.266484838	0.460905107	0	0	0	0.272610056
acetate#n	0	0	0	0	0	1	0	0
ache#n	0.206237545	0.128284854	0.010214456	0.032579385	0.063729812	0.068388962	0.280012847	0.21055214
ache#v	0.082582134	0.159250846	0.016693655	0.022225693	0.190218658	0.13208253	0.281527065	0.115419419
achievable#a	0.103485853	0.065128839	0.041549979	0.04068756	0.106015429	0.262263602	0.35873071	0.022138029
achieve#v	0.105985536	0.095270916	0.084823387	0.110042143	0.119905046	0.160801952	0.217521035	0.105649985
achievement#n	0.059950364	0.133685783	0.090620336	0.11711725	0.129072395	0.159703597	0.221793118	0.088057156
achiever#n	0.098430056	0.16015377	0.04747038	0.076773261	0.074913575	0.113297382	0.322363164	0.106598411
achilles#n	0.007666508	0.083090655	0.064568654	0.076903563	0.130034004	0.190006856	0.066542485	0.381187274
aching#a	0.040323217	0.083452681	0.130910771	0.003184933	0.035073565	0.165101794	0.522544374	0.019408665
aching#n	0.755878959	0	0	0	0	0	0.244121041	0
acid#a	0	0.086864935	0	0.535398397	0.173411434	0.139937083	0.06438815	0
acid#n	0.113862108	0.195754214	0.165710499	0.049869593	0.020022219	0.133819357	0.122002272	0.198959738
acidic#a	0	0.17088686	0	0.208176447	0.081875345	0.148921027	0.390140321	0
acidification#n	0	0	0.25079255	0	0	0.178157473	0.143454847	0.427595129
acidity#n	0	0.399292137	0	0	0	0.496717323	0.103990541	0
acknowledge#v	0.141836866	0.112373967	0.140421311	0.161743806	0.114444826	0.094222247	0.118422451	0.116534525
acknowledged#a	0.118884511	0.096197126	0.015981898	0.057682071	0.158803634	0.157241629	0.227629366	0.167579766
acknowledgement#n	0.149753403	0.128220204	0.087174807	0.211258709	0.090877053	0.07892207	0.148187587	0.105606167
acknowledgment#n	0.019348598	0.152393173	0.158545412	0.140128848	0.104861459	0.093126336	0.275431572	0.056164602
acne#n	0	0.765197567	0	0	0	0.234802433	0	0
acolyte#n	0	0.153106256	0	0	0.305651243	0	0	0.541242501
acorn#n	0	0	0	0	0	1	0	0
acoustic#a	0.020566114	0.120073878	0.032513418	0.068615352	0.261889474	0.294759313	0.19873153	0.002850921
acoustic#n	0.137644862	0.085674873	0	0.023296913	0.241587888	0.393028168	0.071444277	0.04732302
acoustically#r	0	0	0	0	0	0.41344354	0.58655646	0
acoustician#n	0	0	0	0	0	0.826408198	0.173591802	0
acquaint#v	0.057305355	0.138712056	0.057520816	0.084490355	0.153226637	0.225305848	0.272814513	0.010624421
acquaintance#n	0.038882596	0.103059582	0.081716529	0.077119879	0.192588943	0.075233453	0.362776418	0.0686226
acquiesce#v	0.111223751	0	0.083731454	0.242345344	0.100079593	0.03743199	0.169696569	0.255491298
acquiescence#n	0.111873433	0.10967332	0.172652124	0.159054011	0.038923483	0.222860835	0.180654975	0.004307819
acquire#v	0.151106295	0.132902403	0.125537994	0.103040394	0.17346038	0.148932566	0.087100457	0.077919509
acquired#a	0.14152838	0.094220255	0.257760414	0.086096303	0.194212024	0.127046842	0.054793359	0.044342424
acquirer#n	0	1	0	0	0	0	0	0
acquiring#n	0.328019799	0.240875605	0.099885777	0.00232887	0.003205788	0.183304663	0.10831894	0.034060558
acquisition#n	0.160603953	0.13239617	0.090859203	0.146096235	0.163753161	0.157937622	0.090778738	0.057574918
acquit#v	0.161917942	0.074478202	0.17380723	0.132372401	0.132612918	0.140896036	0.064932304	0.118982967
acquittal#n	0.154628513	0.095550324	0.173909886	0.193731869	0.12338586	0.085895662	0.092142754	0.080755133
acre#n	0.436145691	0.079014721	0.052561571	0.026928956	0.057575021	0.043703106	0.115527792	0.188543142
acreage#n	0.247514469	0.245097806	0	0	0	0.025069587	0	0.482318138
acres#n	0	0.412118202	0	0.240854294	0	0.096260072	0.250767432	0
acrid#a	0.514658131	0.035878174	0	0	0	0.038532518	0.212755975	0.198175202
acrimonious#a	0.032973139	0.284594061	0.126478257	0.15576712	0.061457975	0.145896986	0.103955582	0.08887688
acrimony#n	0.022974202	0.322820908	0.02270026	0.108877173	0.447124235	0.060663582	0.014839641	0
acrobat#n	0.284466593	0.379266257	0	0	0	0.084431551	0.239786504	0.012049095
acrobatic#a	0	0.107506401	0.020004081	0.019189099	0.376408174	0.268476112	0.208416134	0
acrobatics#n	0.25195008	0.366650663	0	0	0	0.055916903	0.325482354	0
acronym#n	0.134408272	0.216968211	0.041469354	0.140969882	0.127929932	0.11680458	0.165452021	0.055997749
acrophobia#n	0	0	0	0	0	0	1	0
acrophobic#a	0	0	0	0	0	0	1	0
acropolis#n	0.253482633	0.01987981	0.116404332	0	0.026457828	0.05354585	0.237410086	0.29281946
across#r	0.145249629	0.147535522	0.070286269	0.072433168	0.13080027	0.129321432	0.164112897	0.140260813
